5; 1; 1; 7105; 5324
5; 2; 1; 3431; 3293
5; 2; 1; 3397; 2673
5; 2; 1; 3510; 3329
5; 2; 1; 6825; 5468
5; 2; 1; 5387; 3686
5; 2; 1; 2498; 2290
5; 2; 1; 16976; 10418
5; 2; 1; 10667; 7169
5; 2; 1; 24567; 16005
5; 2; 1; 2484; 2332
5; 2; 1; 7923; 5641
5; 2; 1; 9190; 7280
5; 2; 1; 15455; 10040
5; 2; 1; 24878; 18713
5; 2; 1; 8737; 7125
5; 2; 1; 10419; 7814
5; 2; 1; 20981; 14705
5; 2; 1; 4744; 4468
5; 2; 1; 14846; 11493
5; 2; 1; 3343; 3246
5; 2; 1; 4244; 3463
5; 2; 1; 2844; 2725
5; 2; 1; 8339; 7716
5; 2; 1; 18669; 14182
5; 2; 1; 9080; 7671
5; 2; 1; 13673; 10238
5; 2; 1; 17704; 12623
5; 2; 1; 6807; 4689
5; 2; 1; 8279; 5642
5; 2; 1; 2972; 2821
5; 2; 1; 12506; 9462
5; 2; 1; 3082; 2965
5; 2; 1; 3813; 3639
5; 2; 1; 10702; 7135
5; 2; 1; 11026; 7405
5; 2; 1; 6739; 5825
5; 2; 1; 7231; 5215
5; 2; 1; 5102; 4859
5; 2; 1; 10068; 6829
5; 2; 1; 2152; 2033
5; 2; 1; 13665; 10022
5; 2; 1; 6562; 6239
5; 2; 1; 18143; 12042
5; 2; 1; 8835; 5710
5; 2; 1; 1862; 1750
5; 2; 1; 7128; 6007
5; 2; 1; 2810; 2683
5; 2; 1; 13001; 9139
5; 2; 1; 5066; 3642
5; 2; 1; 4871; 4611
5; 2; 1; 8647; 7308
5; 2; 1; 14062; 9472
5; 2; 1; 4266; 3387
5; 2; 1; 4207; 3423
5; 2; 1; 10814; 8587
5; 2; 1; 19368; 13759
5; 2; 1; 3645; 3518
5; 2; 1; 8983; 6619
5; 2; 1; 14646; 10698
5; 2; 1; 25862; 16311
5; 2; 1; 6800; 5820
5; 2; 1; 12164; 8094
5; 2; 1; 6362; 4590
5; 2; 1; 1496; 1377
5; 2; 1; 4217; 3729
5; 2; 1; 6662; 4871
5; 2; 1; 12553; 9511
5; 2; 1; 8796; 6715
5; 2; 1; 8858; 6333
5; 2; 1; 2255; 2156
5; 2; 1; 3119; 2975
5; 2; 1; 14229; 9416
5; 2; 1; 6183; 5193
5; 2; 1; 6248; 5862
5; 2; 1; 10562; 7422
5; 2; 1; 8475; 5536
5; 2; 1; 10696; 8397
5; 2; 1; 5287; 4172
5; 2; 1; 20356; 14069
5; 2; 1; 11501; 8306
5; 2; 1; 3973; 3432
5; 2; 1; 6048; 4674
5; 2; 1; 5773; 3902
5; 2; 1; 5906; 4650
5; 2; 1; 10341; 6993
5; 2; 1; 2837; 2703
5; 2; 1; 9551; 9186
5; 2; 1; 10638; 7648
5; 2; 1; 4526; 3573
5; 2; 1; 12254; 9408
5; 2; 1; 8676; 5709
5; 2; 1; 4897; 4091
5; 2; 1; 4197; 3069
5; 2; 1; 4781; 4532
5; 2; 1; 9643; 7561
5; 1; 1; 7105; 5324
5; 2; 1; 3431; 3293
5; 2; 1; 3397; 2673
5; 2; 1; 3510; 3329
5; 2; 1; 6825; 5468
5; 2; 1; 5387; 3686
5; 2; 1; 2498; 2290
5; 2; 1; 16976; 10418
5; 2; 1; 10667; 7169
5; 2; 1; 24567; 16005
5; 2; 1; 2484; 2332
5; 2; 1; 7923; 5641
5; 2; 1; 9190; 7280
5; 2; 1; 15455; 10040
5; 2; 1; 24878; 18713
5; 2; 1; 8737; 7125
5; 2; 1; 10419; 7814
5; 2; 1; 20981; 14705
5; 2; 1; 4744; 4468
5; 2; 1; 14846; 11493
5; 2; 1; 3343; 3246
5; 2; 1; 4244; 3463
5; 2; 1; 2844; 2725
5; 2; 1; 8339; 7716
5; 2; 1; 18669; 14182
5; 2; 1; 9080; 7671
5; 2; 1; 13673; 10238
5; 2; 1; 17704; 12623
5; 2; 1; 6807; 4689
5; 2; 1; 8279; 5642
5; 2; 1; 2972; 2821
5; 2; 1; 12506; 9462
5; 2; 1; 3082; 2965
5; 2; 1; 3813; 3639
5; 2; 1; 10702; 7135
5; 2; 1; 11026; 7405
5; 2; 1; 6739; 5825
5; 2; 1; 7231; 5215
5; 2; 1; 5102; 4859
5; 2; 1; 10068; 6829
5; 2; 1; 2152; 2033
5; 2; 1; 13665; 10022
5; 2; 1; 6562; 6239
5; 2; 1; 18143; 12042
5; 2; 1; 8835; 5710
5; 2; 1; 1862; 1750
5; 2; 1; 7128; 6007
5; 2; 1; 2810; 2683
5; 2; 1; 13001; 9139
5; 2; 1; 5066; 3642
5; 2; 1; 4871; 4611
5; 2; 1; 8647; 7308
5; 2; 1; 14062; 9472
5; 2; 1; 4266; 3387
5; 2; 1; 4207; 3423
5; 2; 1; 10814; 8587
5; 2; 1; 19368; 13759
5; 2; 1; 3645; 3518
5; 2; 1; 8983; 6619
5; 2; 1; 14646; 10698
5; 2; 1; 25862; 16311
5; 2; 1; 6800; 5820
5; 2; 1; 12164; 8094
5; 2; 1; 6362; 4590
5; 2; 1; 1496; 1377
5; 2; 1; 4217; 3729
5; 2; 1; 6662; 4871
5; 2; 1; 12553; 9511
5; 2; 1; 8796; 6715
5; 2; 1; 8858; 6333
5; 2; 1; 2255; 2156
5; 2; 1; 3119; 2975
5; 2; 1; 14229; 9416
5; 2; 1; 6183; 5193
5; 2; 1; 6248; 5862
5; 2; 1; 10562; 7422
5; 2; 1; 8475; 5536
5; 2; 1; 10696; 8397
5; 2; 1; 5287; 4172
5; 2; 1; 20356; 14069
5; 2; 1; 11501; 8306
5; 2; 1; 3973; 3432
5; 2; 1; 6048; 4674
5; 2; 1; 5773; 3902
5; 2; 1; 5906; 4650
5; 2; 1; 10341; 6993
5; 2; 1; 2837; 2703
5; 2; 1; 9551; 9186
5; 2; 1; 10638; 7648
5; 2; 1; 4526; 3573
5; 2; 1; 12254; 9408
5; 2; 1; 8676; 5709
5; 2; 1; 4897; 4091
5; 2; 1; 4197; 3069
5; 2; 1; 4781; 4532
5; 2; 1; 9643; 7561
5; 1; 1; 7105; 5324
5; 2; 1; 3431; 3293
5; 2; 1; 3397; 2673
5; 2; 1; 3510; 3329
5; 2; 1; 6825; 5468
5; 2; 1; 5387; 3686
5; 2; 1; 2498; 2290
5; 2; 1; 16976; 10418
5; 2; 1; 10667; 7169
5; 2; 1; 24567; 16005
5; 2; 1; 2484; 2332
5; 2; 1; 7923; 5641
5; 2; 1; 9190; 7280
5; 2; 1; 15455; 10040
5; 2; 1; 24878; 18713
5; 2; 1; 8737; 7125
5; 2; 1; 10419; 7814
5; 2; 1; 20981; 14705
5; 2; 1; 4744; 4468
5; 2; 1; 14846; 11493
5; 2; 1; 3343; 3246
5; 2; 1; 4244; 3463
5; 2; 1; 2844; 2725
5; 2; 1; 8339; 7716
5; 2; 1; 18669; 14182
5; 2; 1; 9080; 7671
5; 2; 1; 13673; 10238
5; 2; 1; 17704; 12623
5; 2; 1; 6807; 4689
5; 2; 1; 8279; 5642
5; 2; 1; 2972; 2821
5; 2; 1; 12506; 9462
5; 2; 1; 3082; 2965
5; 2; 1; 3813; 3639
5; 2; 1; 10702; 7135
5; 2; 1; 11026; 7405
5; 2; 1; 6739; 5825
5; 2; 1; 7231; 5215
5; 2; 1; 5102; 4859
5; 2; 1; 10068; 6829
5; 2; 1; 2152; 2033
5; 2; 1; 13665; 10022
5; 2; 1; 6562; 6239
5; 2; 1; 18143; 12042
5; 2; 1; 8835; 5710
5; 2; 1; 1862; 1750
5; 2; 1; 7128; 6007
5; 2; 1; 2810; 2683
5; 2; 1; 13001; 9139
5; 2; 1; 5066; 3642
5; 2; 1; 4871; 4611
5; 2; 1; 8647; 7308
5; 2; 1; 14062; 9472
5; 2; 1; 4266; 3387
5; 2; 1; 4207; 3423
5; 2; 1; 10814; 8587
5; 2; 1; 19368; 13759
5; 2; 1; 3645; 3518
5; 2; 1; 8983; 6619
5; 2; 1; 14646; 10698
5; 2; 1; 25862; 16311
5; 2; 1; 6800; 5820
5; 2; 1; 12164; 8094
5; 2; 1; 6362; 4590
5; 2; 1; 1496; 1377
5; 2; 1; 4217; 3729
5; 2; 1; 6662; 4871
5; 2; 1; 12553; 9511
5; 2; 1; 8796; 6715
5; 2; 1; 8858; 6333
5; 2; 1; 2255; 2156
5; 2; 1; 3119; 2975
5; 2; 1; 14229; 9416
5; 2; 1; 6183; 5193
5; 2; 1; 6248; 5862
5; 2; 1; 10562; 7422
5; 2; 1; 8475; 5536
5; 2; 1; 10696; 8397
5; 2; 1; 5287; 4172
5; 2; 1; 20356; 14069
5; 2; 1; 11501; 8306
5; 2; 1; 3973; 3432
5; 2; 1; 6048; 4674
5; 2; 1; 5773; 3902
5; 2; 1; 5906; 4650
5; 2; 1; 10341; 6993
5; 2; 1; 2837; 2703
5; 2; 1; 9551; 9186
5; 2; 1; 10638; 7648
5; 2; 1; 4526; 3573
5; 2; 1; 12254; 9408
5; 2; 1; 8676; 5709
5; 2; 1; 4897; 4091
5; 2; 1; 4197; 3069
5; 2; 1; 4781; 4532
5; 2; 1; 9643; 7561
5; 1; 2; 4043; 3755
6; 2; 1; 6759; 4755
3; 2; 1; 2716; 2211
1; 1; 1; 0; 0
1; 1; 1; 0; 0
4; 2; 1; 16407; 11169
4; 2; 1; 16407; 11169
4; 2; 1; 16407; 11169
5; 2; 2; 14580; 9857
4; 3; 1; 10264; 6983
6; 3; 1; 25664; 20245
5; 3; 1; 10264; 6983
5; 3; 1; 31557; 21580
4; 2; 1; 31557; 23739
4; 3; 1; 31557; 21580
1; 1; 1; 0; 0
5; 2; 1; 7273; 5083
3; 2; 1; 7273; 5083
5; 2; 2; 20183; 12881
6; 3; 2; 30715; 25440
4; 2; 1; 8342; 5566
3; 3; 1; 18176; 14568
4; 4; 1; 18176; 12629
5; 4; 1; 18176; 12629
1; 1; 1; 0; 0
7; 4; 1; 22610; 17620
5; 4; 1; 22610; 17620
5; 3; 1; 22610; 18956
4; 2; 1; 2267; 1830
4; 2; 1; 2267; 1830
1; 1; 1; 0; 0
1; 1; 1; 0; 0
1; 1; 1; 0; 0
5; 2; 1; 34710; 24914
5; 3; 1; 34710; 23562
1; 1; 1; 0; 0
5; 2; 1; 9886; 6625
2; 2; 1; 9886; 6625
3; 2; 1; 9886; 6625
4; 2; 1; 14336; 9674
5; 2; 1; 14336; 9674
5; 2; 1; 13629; 9857
2; 2; 1; 13629; 9857
3; 2; 1; 13629; 9857
1; 1; 1; 0; 0
6; 3; 1; 21333; 15315
4; 3; 1; 21333; 15315
3; 2; 1; 44402; 35428
6; 3; 1; 44402; 30832
1; 1; 1; 0; 0
6; 3; 1; 38585; 26420
3; 2; 1; 38585; 26722
4; 2; 1; 9109; 6496
4; 2; 1; 9109; 6496
1; 1; 1; 0; 0
5; 2; 2; 18477; 12139
5; 3; 1; 20735; 13481
3; 2; 1; 2258; 1826
3; 2; 1; 31792; 25557
6; 3; 1; 31792; 22125
1; 1; 1; 0; 0
5; 2; 2; 14110; 12213
3; 4; 1; 16760; 12092
3; 3; 1; 16760; 14387
2; 4; 1; 16760; 12092
6; 3; 1; 32027; 27019
3; 3; 1; 16760; 14387
5; 2; 1; 10940; 10031
5; 3; 1; 10940; 8414
5; 2; 1; 6815; 4827
1; 1; 1; 0; 0
1; 1; 1; 0; 0
4; 2; 1; 21416; 15985
6; 3; 1; 21416; 14610
1; 1; 1; 0; 0
1; 1; 1; 0; 0
5; 2; 2; 19806; 17430
6; 3; 2; 24549; 21412
5; 2; 1; 11014; 6843
5; 2; 1; 12026; 7494
1; 1; 1; 0; 0
5; 2; 2; 29841; 21084
3; 2; 1; 5235; 3487
6; 3; 1; 35076; 22453
1; 1; 1; 0; 0
5; 2; 1; 11551; 8502
5; 3; 1; 11551; 8050
5; 2; 2; 7671; 7303
6; 3; 1; 9098; 7702
2; 2; 1; 1427; 1025
1; 1; 1; 0; 0
5; 2; 2; 26762; 18918
6; 3; 2; 40596; 34052
4; 4; 1; 30723; 24365
3; 3; 1; 18989; 15294
6; 5; 1; 30723; 23700
4; 4; 1; 30723; 24365
5; 4; 1; 30723; 24365
1; 1; 1; 0; 0
1; 1; 1; 0; 0
5; 2; 2; 31383; 21798
4; 2; 1; 3515; 1920
5; 3; 1; 36364; 22894
2; 2; 1; 3515; 1920
3; 3; 1; 19620; 14238
5; 3; 1; 19620; 14238
5; 2; 1; 19620; 15109
6; 3; 1; 20296; 16465
5; 4; 1; 20296; 16228
5; 3; 1; 20296; 16465
5; 3; 1; 20296; 16465
1; 1; 1; 0; 0
4; 2; 1; 34948; 22155
4; 2; 1; 34948; 22155
4; 2; 1; 34948; 22155
1; 1; 1; 0; 0
5; 2; 1; 23691; 14150
1; 1; 1; 0; 0
5; 3; 2; 28260; 21504
3; 3; 3; 29774; 23839
4; 3; 3; 29774; 23839
3; 3; 1; 13084; 10846
6; 3; 1; 11757; 9519
4; 4; 1; 42858; 33171
5; 2; 2; 16829; 11116
2; 2; 1; 2376; 1931
6; 3; 1; 19758; 12946
1; 1; 1; 0; 0
1; 1; 1; 0; 0
1; 1; 1; 0; 0
1; 1; 1; 0; 0
4; 3; 1; 47137; 31331
3; 3; 1; 47137; 31331
4; 2; 1; 47137; 34138
1; 1; 1; 0; 0
5; 3; 1; 10363; 7589
3; 3; 1; 10363; 7589
3; 2; 1; 10363; 8206
1; 1; 1; 0; 0
5; 2; 2; 14686; 13695
5; 3; 1; 18921; 14905
3; 2; 1; 4235; 2846
3; 2; 1; 28881; 22897
5; 3; 1; 28881; 19504
4; 3; 1; 28881; 19504
1; 1; 1; 0; 0
1; 1; 1; 0; 0
5; 2; 2; 28092; 17203
6; 3; 1; 34151; 21703
2; 3; 1; 5256; 3804
5; 2; 1; 6330; 4443
5; 2; 1; 1979; 1628
5; 1; 1; 7105; 5324
5; 2; 1; 3431; 3293
5; 2; 1; 3397; 2673
5; 2; 1; 3510; 3329
5; 2; 1; 6825; 5468
5; 2; 1; 5387; 3686
5; 2; 1; 2498; 2290
5; 2; 1; 16976; 10418
5; 2; 1; 10667; 7169
5; 2; 1; 24567; 16005
5; 2; 1; 2484; 2332
5; 2; 1; 7923; 5641
5; 2; 1; 9190; 7280
5; 2; 1; 15455; 10040
5; 2; 1; 24878; 18713
5; 2; 1; 8737; 7125
5; 2; 1; 10419; 7814
5; 2; 1; 20981; 14705
5; 2; 1; 4744; 4468
5; 2; 1; 14846; 11493
5; 2; 1; 3343; 3246
5; 2; 1; 4244; 3463
5; 2; 1; 2844; 2725
5; 2; 1; 8339; 7716
5; 2; 1; 18669; 14182
5; 2; 1; 9080; 7671
5; 2; 1; 13673; 10238
5; 2; 1; 17704; 12623
5; 2; 1; 6807; 4689
5; 2; 1; 8279; 5642
5; 2; 1; 2972; 2821
5; 2; 1; 12506; 9462
5; 2; 1; 3082; 2965
5; 2; 1; 3813; 3639
5; 2; 1; 10702; 7135
5; 2; 1; 11026; 7405
5; 2; 1; 6739; 5825
5; 2; 1; 7231; 5215
5; 2; 1; 5102; 4859
5; 2; 1; 10068; 6829
5; 2; 1; 2152; 2033
5; 2; 1; 13665; 10022
5; 2; 1; 6562; 6239
5; 2; 1; 18143; 12042
5; 2; 1; 8835; 5710
5; 2; 1; 1862; 1750
5; 2; 1; 7128; 6007
5; 2; 1; 2810; 2683
5; 2; 1; 13001; 9139
5; 2; 1; 5066; 3642
5; 2; 1; 4871; 4611
5; 2; 1; 8647; 7308
5; 2; 1; 14062; 9472
5; 2; 1; 4266; 3387
5; 2; 1; 4207; 3423
5; 2; 1; 10814; 8587
5; 2; 1; 19368; 13759
5; 2; 1; 3645; 3518
5; 2; 1; 8983; 6619
5; 2; 1; 14646; 10698
5; 2; 1; 25862; 16311
5; 2; 1; 6800; 5820
5; 2; 1; 12164; 8094
5; 2; 1; 6362; 4590
5; 2; 1; 1496; 1377
5; 2; 1; 4217; 3729
5; 2; 1; 6662; 4871
5; 2; 1; 12553; 9511
5; 2; 1; 8796; 6715
5; 2; 1; 8858; 6333
5; 2; 1; 2255; 2156
5; 2; 1; 3119; 2975
5; 2; 1; 14229; 9416
5; 2; 1; 6183; 5193
5; 2; 1; 6248; 5862
5; 2; 1; 10562; 7422
5; 2; 1; 8475; 5536
5; 2; 1; 10696; 8397
5; 2; 1; 5287; 4172
5; 2; 1; 20356; 14069
5; 2; 1; 11501; 8306
5; 2; 1; 3973; 3432
5; 2; 1; 6048; 4674
5; 2; 1; 5773; 3902
5; 2; 1; 5906; 4650
5; 2; 1; 10341; 6993
5; 2; 1; 2837; 2703
5; 2; 1; 9551; 9186
5; 2; 1; 10638; 7648
5; 2; 1; 4526; 3573
5; 2; 1; 12254; 9408
5; 2; 1; 8676; 5709
5; 2; 1; 4897; 4091
5; 2; 1; 4197; 3069
5; 2; 1; 4781; 4532
5; 2; 1; 9643; 7561
1; 0; 0; 0; 0
4; 1; 1; 4786; 3280
4; 1; 1; 4786; 3280
2; 1; 1; 4786; 3280
3; 1; 1; 4786; 3280
1; 1; 1; 0; 0
1; 1; 1; 0; 0
1; 1; 1; 0; 0
1; 1; 1; 0; 0
1; 1; 1; 0; 0
1; 1; 1; 0; 0
1; 1; 1; 0; 0
1; 1; 1; 0; 0
5; 2; 1; 50753; 29411
4; 2; 1; 50753; 29411
2; 2; 1; 50753; 29411
1; 1; 1; 0; 0
3; 2; 1; 23514; 13776
5; 2; 1; 23514; 13776
4; 2; 1; 13184; 8402
4; 2; 1; 13184; 8402
2; 2; 1; 13184; 8402
2; 2; 1; 13184; 8402
4; 2; 1; 12281; 7961
4; 2; 1; 12281; 7961
1; 1; 1; 0; 0
5; 2; 1; 21081; 16148
5; 3; 1; 21081; 14656
5; 2; 1; 3526; 3068
3; 3; 1; 19206; 13230
4; 2; 1; 19206; 15414
3; 2; 1; 19206; 15414
1; 1; 1; 0; 0
1; 1; 1; 0; 0
1; 1; 1; 0; 0
1; 1; 1; 0; 0
1; 1; 1; 0; 0
1; 1; 1; 0; 0
1; 1; 1; 0; 0
4; 2; 2; 25863; 18229
5; 2; 2; 25863; 18229
4; 3; 1; 40434; 29212
4; 3; 1; 12934; 9466
3; 3; 1; 12934; 9466
1; 1; 1; 0; 0
5; 2; 1; 26130; 16557
5; 2; 1; 18639; 11776
5; 3; 1; 23073; 16550
5; 3; 1; 23073; 16550
4; 2; 1; 32195; 25712
5; 3; 1; 32195; 21931
5; 3; 2; 12008; 9888
4; 3; 3; 12346; 12217
5; 3; 2; 12783; 12031
6; 4; 2; 25129; 23910
4; 2; 1; 5703; 4059
4; 4; 1; 19895; 16357
5; 5; 1; 17904; 13620
1; 1; 1; 0; 0
1; 1; 1; 0; 0
1; 1; 1; 0; 0
4; 2; 1; 34288; 21175
4; 2; 1; 34288; 21175
5; 2; 2; 21646; 15896
4; 3; 3; 24627; 18047
6; 3; 4; 26119; 22556
5; 3; 1; 21091; 19090
5; 4; 1; 17533; 13071
4; 4; 1; 17533; 13071
6; 4; 1; 21091; 18368
5; 2; 1; 8321; 6189
1; 1; 1; 0; 0
1; 1; 1; 0; 0
1; 1; 1; 0; 0
1; 1; 1; 0; 0
5; 2; 2; 19758; 15014
6; 3; 3; 32163; 32248
3; 4; 1; 41434; 31334
4; 5; 1; 41434; 29689
4; 3; 1; 56508; 44999
5; 2; 1; 56508; 48470
1; 1; 1; 0; 0
1; 1; 1; 0; 0
4; 2; 1; 14229; 9108
4; 2; 1; 14229; 9108
5; 2; 1; 14229; 9108
5; 3; 1; 21865; 15198
4; 2; 1; 21865; 15485
1; 1; 1; 0; 0
4; 2; 1; 17468; 15165
6; 3; 2; 17838; 12912
5; 2; 2; 1417; 3936
5; 4; 2; 26330; 18634
3; 3; 2; 29857; 27874
4; 3; 2; 30442; 28459
2; 2; 1; 1544; 917
6; 5; 1; 29629; 20618
6; 5; 1; 29629; 20618
4; 3; 1; 33156; 30546
1; 1; 1; 0; 0
5; 2; 2; 30635; 24026
6; 3; 2; 50396; 41702
5; 4; 2; 28036; 23020
5; 4; 4; 35846; 32930
4; 4; 1; 23112; 17013
4; 4; 1; 29724; 24163
4; 5; 1; 29724; 23931
5; 4; 1; 41238; 33462
2; 4; 1; 41238; 33462
3; 4; 1; 29724; 24163
1; 1; 1; 0; 0
1; 1; 1; 0; 0
5; 2; 1; 7891; 5277
1; 1; 1; 0; 0
5; 3; 1; 31610; 22857
4; 2; 1; 31610; 23088
4; 2; 1; 28737; 17143
3; 2; 1; 28737; 17143
4; 3; 1; 29807; 21067
4; 2; 1; 29807; 23439
4; 2; 1; 29807; 23439
1; 1; 1; 0; 0
1; 1; 1; 0; 0
4; 2; 2; 18247; 15491
4; 2; 2; 18247; 15491
4; 3; 1; 21628; 16750
3; 4; 1; 21628; 15178
3; 3; 1; 21628; 16750
6; 3; 1; 41606; 34169
4; 3; 1; 25762; 18698
4; 4; 1; 25762; 18108
6; 4; 1; 25762; 18108
4; 4; 1; 25762; 18108
5; 2; 1; 4849; 3651
3; 2; 1; 4849; 3651
3; 2; 1; 4849; 3651
4; 2; 1; 18512; 15014
5; 3; 1; 18512; 14037
1; 1; 1; 0; 0
3; 2; 1; 14547; 8754
5; 2; 1; 14547; 8754
4; 2; 1; 17215; 12091
2; 2; 1; 17215; 12091
3; 2; 1; 17215; 12091
2; 3; 1; 26902; 17914
6; 3; 1; 26902; 17914
5; 2; 2; 6957; 5276
3; 3; 1; 18070; 15739
6; 4; 1; 10805; 7774
2; 4; 1; 10805; 7774
5; 2; 1; 5364; 4681
5; 2; 1; 6268; 4164
5; 1; 1; 2349420; 2349420
5; 1; 1; 7105; 5324
5; 2; 1; 3431; 3293
5; 2; 1; 3397; 2673
5; 2; 1; 3510; 3329
5; 2; 1; 6825; 5468
5; 2; 1; 5387; 3686
5; 2; 1; 2498; 2290
5; 2; 1; 16976; 10418
5; 2; 1; 10667; 7169
5; 2; 1; 24567; 16005
5; 2; 1; 2484; 2332
5; 2; 1; 7923; 5641
5; 2; 1; 9190; 7280
5; 2; 1; 15455; 10040
5; 2; 1; 24878; 18713
5; 2; 1; 8737; 7125
5; 2; 1; 10419; 7814
5; 2; 1; 20981; 14705
5; 2; 1; 4744; 4468
5; 2; 1; 14846; 11493
5; 2; 1; 3343; 3246
5; 2; 1; 4244; 3463
5; 2; 1; 2844; 2725
5; 2; 1; 8339; 7716
5; 2; 1; 18669; 14182
5; 2; 1; 9080; 7671
5; 2; 1; 13673; 10238
5; 2; 1; 17704; 12623
5; 2; 1; 6807; 4689
5; 2; 1; 8279; 5642
5; 2; 1; 2972; 2821
5; 2; 1; 12506; 9462
5; 2; 1; 3082; 2965
5; 2; 1; 3813; 3639
5; 2; 1; 10702; 7135
5; 2; 1; 11026; 7405
5; 2; 1; 6739; 5825
5; 2; 1; 7231; 5215
5; 2; 1; 5102; 4859
5; 2; 1; 10068; 6829
5; 2; 1; 2152; 2033
5; 2; 1; 13665; 10022
5; 2; 1; 6562; 6239
5; 2; 1; 18143; 12042
5; 2; 1; 8835; 5710
5; 2; 1; 1862; 1750
5; 2; 1; 7128; 6007
5; 2; 1; 2810; 2683
5; 2; 1; 13001; 9139
5; 2; 1; 5066; 3642
5; 2; 1; 4871; 4611
5; 2; 1; 8647; 7308
5; 2; 1; 14062; 9472
5; 2; 1; 4266; 3387
5; 2; 1; 4207; 3423
5; 2; 1; 10814; 8587
5; 2; 1; 19368; 13759
5; 2; 1; 3645; 3518
5; 2; 1; 8983; 6619
5; 2; 1; 14646; 10698
5; 2; 1; 25862; 16311
5; 2; 1; 6800; 5820
5; 2; 1; 12164; 8094
5; 2; 1; 6362; 4590
5; 2; 1; 1496; 1377
5; 2; 1; 4217; 3729
5; 2; 1; 6662; 4871
5; 2; 1; 12553; 9511
5; 2; 1; 8796; 6715
5; 2; 1; 8858; 6333
5; 2; 1; 2255; 2156
5; 2; 1; 3119; 2975
5; 2; 1; 14229; 9416
5; 2; 1; 6183; 5193
5; 2; 1; 6248; 5862
5; 2; 1; 10562; 7422
5; 2; 1; 8475; 5536
5; 2; 1; 10696; 8397
5; 2; 1; 5287; 4172
5; 2; 1; 20356; 14069
5; 2; 1; 11501; 8306
5; 2; 1; 3973; 3432
5; 2; 1; 6048; 4674
5; 2; 1; 5773; 3902
5; 2; 1; 5906; 4650
5; 2; 1; 10341; 6993
5; 2; 1; 2837; 2703
5; 2; 1; 9551; 9186
5; 2; 1; 10638; 7648
5; 2; 1; 4526; 3573
5; 2; 1; 12254; 9408
5; 2; 1; 8676; 5709
5; 2; 1; 4897; 4091
5; 2; 1; 4197; 3069
5; 2; 1; 4781; 4532
5; 2; 1; 9643; 7561
5; 1; 1; 1900; 800
2; 1; 1; 1900; 800
4; 2; 1; 14479; 11628
4; 3; 1; 14479; 9914
1; 1; 1; 0; 0
5; 3; 1; 17216; 12746
4; 2; 1; 17216; 15236
4; 3; 1; 17216; 12746
4; 2; 1; 7028; 5260
3; 2; 1; 7028; 5260
5; 3; 1; 19977; 13596
5; 3; 1; 19977; 13596
5; 3; 1; 27439; 18066
3; 2; 1; 27439; 20828
1; 1; 1; 0; 0
1; 1; 1; 0; 0
1; 1; 1; 0; 0
5; 2; 1; 5074; 4151
1; 1; 1; 0; 0
1; 1; 1; 0; 0
1; 1; 1; 0; 0
5; 2; 2; 29576; 21457
3; 2; 1; 5580; 4233
6; 3; 1; 35156; 23552
1; 1; 1; 0; 0
5; 4; 1; 28934; 21994
5; 3; 2; 28934; 23129
5; 3; 2; 29103; 23298
5; 2; 1; 1878; 1754
2; 2; 1; 1878; 1754
2; 2; 1; 1540; 1416
6; 3; 1; 21889; 15434
5; 2; 1; 21889; 17033
6; 4; 1; 22810; 17287
3; 3; 1; 22810; 19601
3; 4; 1; 22810; 17287
5; 4; 1; 22810; 17287
5; 2; 1; 5684; 4303
3; 2; 1; 5684; 4303
5; 2; 1; 13950; 9095
4; 2; 1; 30955; 24454
5; 2; 1; 30955; 24454
4; 2; 1; 30955; 24454
3; 3; 1; 30955; 22153
4; 2; 1; 2533; 2392
3; 2; 1; 2533; 2392
4; 2; 1; 2533; 2392
5; 2; 1; 26223; 16740
1; 1; 1; 0; 0
3; 2; 1; 48712; 34619
5; 3; 1; 48712; 34017
5; 2; 1; 8467; 6164
4; 2; 1; 8467; 6164
1; 1; 1; 0; 0
5; 2; 1; 12774; 8152
3; 2; 1; 12774; 8152
3; 2; 1; 12774; 8152
1; 1; 1; 0; 0
5; 2; 1; 42735; 29771
4; 3; 1; 42735; 29595
1; 1; 1; 0; 0
5; 2; 2; 12877; 10222
5; 2; 1; 5370; 4318
4; 3; 1; 18247; 12769
6; 3; 1; 13811; 10750
4; 2; 1; 13811; 11131
2; 2; 1; 5150; 4532
5; 2; 1; 5150; 4532
1; 1; 1; 0; 0
1; 1; 1; 0; 0
1; 1; 1; 0; 0
1; 1; 1; 0; 0
1; 1; 1; 0; 0
5; 2; 2; 29011; 22373
5; 3; 2; 33560; 26091
4; 2; 1; 12176; 7670
4; 3; 1; 45736; 33761
1; 1; 1; 0; 0
1; 1; 1; 0; 0
1; 1; 1; 0; 0
1; 1; 1; 0; 0
1; 1; 1; 0; 0
4; 3; 1; 44929; 29261
5; 2; 1; 44929; 29797
4; 2; 1; 10417; 9306
6; 3; 1; 10417; 7594
1; 1; 1; 0; 0
5; 2; 1; 19508; 12911
5; 3; 1; 34782; 24497
3; 2; 1; 34782; 25919
4; 3; 1; 34782; 24497
2; 2; 1; 34782; 25919
5; 2; 1; 8828; 6098
4; 2; 1; 12470; 8867
4; 2; 1; 12470; 8867
1; 1; 1; 0; 0
1; 1; 1; 0; 0
1; 1; 1; 0; 0
5; 2; 2; 27711; 18976
5; 3; 1; 32134; 20721
3; 2; 1; 4423; 3308
5; 2; 1; 12557; 11863
6; 3; 1; 12557; 10363
1; 1; 1; 0; 0
1; 1; 1; 0; 0
5; 2; 2; 29594; 21713
6; 3; 2; 38509; 28170
3; 2; 1; 6534; 5136
4; 3; 1; 13736; 9511
3; 2; 1; 19756; 16208
4; 2; 1; 19756; 16208
2; 2; 1; 19756; 16208
1; 1; 1; 0; 0
1; 1; 1; 0; 0
5; 3; 1; 44603; 29870
4; 3; 1; 44603; 29870
4; 2; 1; 44603; 32647
1; 1; 1; 0; 0
3; 2; 1; 16198; 13766
6; 3; 1; 16198; 11112
1; 1; 1; 0; 0
2; 2; 1; 8557; 6306
3; 2; 1; 8557; 6306
5; 2; 1; 8557; 6306
5; 3; 1; 48282; 31966
4; 2; 1; 48282; 32365
5; 3; 1; 15645; 11242
3; 2; 2; 15645; 12735
3; 2; 2; 15645; 12735
3; 2; 2; 15645; 12735
5; 2; 1; 1793; 1447
1; 1; 1; 0; 0
5; 2; 1; 16319; 13407
4; 3; 1; 16319; 11718
5; 2; 2; 7969; 8511
5; 3; 3; 18619; 19041
6; 3; 3; 22223; 22858
4; 4; 3; 21978; 20331
5; 3; 3; 31045; 27270
4; 4; 3; 21978; 20331
5; 3; 2; 27907; 24137
6; 4; 2; 57047; 49385
4; 4; 1; 39441; 31346
5; 4; 1; 25269; 20152
4; 3; 1; 11534; 7637
5; 5; 1; 25269; 19465
5; 2; 1; 20127; 15879
5; 3; 1; 20127; 14029
5; 2; 1; 12282; 8300
5; 2; 1; 8984; 6874
6; 3; 1; 8984; 6707
5; 2; 1; 6634; 4731
5; 1; 1; 7105; 5324
5; 2; 1; 3431; 3293
5; 2; 1; 3397; 2673
5; 2; 1; 3510; 3329
5; 2; 1; 6825; 5468
5; 2; 1; 5387; 3686
5; 2; 1; 2498; 2290
5; 2; 1; 16976; 10418
5; 2; 1; 10667; 7169
5; 2; 1; 24567; 16005
5; 2; 1; 2484; 2332
5; 2; 1; 7923; 5641
5; 2; 1; 9190; 7280
5; 2; 1; 15455; 10040
5; 2; 1; 24878; 18713
5; 2; 1; 8737; 7125
5; 2; 1; 10419; 7814
5; 2; 1; 20981; 14705
5; 2; 1; 4744; 4468
5; 2; 1; 14846; 11493
5; 2; 1; 3343; 3246
5; 2; 1; 4244; 3463
5; 2; 1; 2844; 2725
5; 2; 1; 8339; 7716
5; 2; 1; 18669; 14182
5; 2; 1; 9080; 7671
5; 2; 1; 13673; 10238
5; 2; 1; 17704; 12623
5; 2; 1; 6807; 4689
5; 2; 1; 8279; 5642
5; 2; 1; 2972; 2821
5; 2; 1; 12506; 9462
5; 2; 1; 3082; 2965
5; 2; 1; 3813; 3639
5; 2; 1; 10702; 7135
5; 2; 1; 11026; 7405
5; 2; 1; 6739; 5825
5; 2; 1; 7231; 5215
5; 2; 1; 5102; 4859
5; 2; 1; 10068; 6829
5; 2; 1; 2152; 2033
5; 2; 1; 13665; 10022
5; 2; 1; 6562; 6239
5; 2; 1; 18143; 12042
5; 2; 1; 8835; 5710
5; 2; 1; 1862; 1750
5; 2; 1; 7128; 6007
5; 2; 1; 2810; 2683
5; 2; 1; 13001; 9139
5; 2; 1; 5066; 3642
5; 2; 1; 4871; 4611
5; 2; 1; 8647; 7308
5; 2; 1; 14062; 9472
5; 2; 1; 4266; 3387
5; 2; 1; 4207; 3423
5; 2; 1; 10814; 8587
5; 2; 1; 19368; 13759
5; 2; 1; 3645; 3518
5; 2; 1; 8983; 6619
5; 2; 1; 14646; 10698
5; 2; 1; 25862; 16311
5; 2; 1; 6800; 5820
5; 2; 1; 12164; 8094
5; 2; 1; 6362; 4590
5; 2; 1; 1496; 1377
5; 2; 1; 4217; 3729
5; 2; 1; 6662; 4871
5; 2; 1; 12553; 9511
5; 2; 1; 8796; 6715
5; 2; 1; 8858; 6333
5; 2; 1; 2255; 2156
5; 2; 1; 3119; 2975
5; 2; 1; 14229; 9416
5; 2; 1; 6183; 5193
5; 2; 1; 6248; 5862
5; 2; 1; 10562; 7422
5; 2; 1; 8475; 5536
5; 2; 1; 10696; 8397
5; 2; 1; 5287; 4172
5; 2; 1; 20356; 14069
5; 2; 1; 11501; 8306
5; 2; 1; 3973; 3432
5; 2; 1; 6048; 4674
5; 2; 1; 5773; 3902
5; 2; 1; 5906; 4650
5; 2; 1; 10341; 6993
5; 2; 1; 2837; 2703
5; 2; 1; 9551; 9186
5; 2; 1; 10638; 7648
5; 2; 1; 4526; 3573
5; 2; 1; 12254; 9408
5; 2; 1; 8676; 5709
5; 2; 1; 4897; 4091
5; 2; 1; 4197; 3069
5; 2; 1; 4781; 4532
5; 2; 1; 9643; 7561
4; 1; 1; 1988; 1352
5; 1; 1; 1988; 1352
5; 2; 2; 9879; 8950
6; 3; 1; 15412; 11174
4; 2; 1; 5533; 4129
4; 3; 1; 17375; 12833
5; 2; 1; 17375; 15185
5; 3; 1; 8107; 6274
3; 2; 1; 8107; 7783
1; 1; 1; 0; 0
1; 1; 1; 0; 0
1; 1; 1; 0; 0
1; 1; 1; 0; 0
5; 2; 2; 42276; 30401
5; 2; 2; 50366; 39452
4; 2; 2; 50366; 39452
6; 3; 2; 56229; 40140
5; 3; 2; 21753; 17186
3; 3; 1; 17528; 12430
4; 2; 1; 25460; 21814
4; 4; 1; 17528; 10166
4; 2; 1; 4919; 3007
3; 3; 1; 21290; 14993
4; 2; 2; 21290; 16925
5; 2; 2; 39325; 37038
4; 4; 2; 22893; 18390
3; 2; 2; 23070; 25163
4; 3; 3; 26097; 24534
3; 3; 1; 14050; 11792
3; 4; 1; 13259; 10958
5; 3; 1; 16463; 13341
3; 4; 1; 11080; 8367
5; 2; 1; 16463; 14132
3; 3; 1; 6141; 5431
3; 3; 1; 6141; 5431
4; 3; 1; 6141; 5431
4; 2; 1; 6141; 6570
4; 2; 1; 6580; 4588
4; 2; 1; 6580; 4588
1; 1; 1; 0; 0
4; 3; 1; 14077; 9471
5; 2; 1; 14077; 10118
5; 2; 1; 3837; 3333
1; 1; 1; 0; 0
4; 2; 2; 33969; 23060
4; 2; 2; 35168; 24259
6; 3; 2; 40249; 35920
5; 2; 2; 28175; 19734
4; 3; 1; 24118; 15815
5; 3; 1; 54967; 43868
2; 3; 1; 24118; 15815
1; 1; 1; 0; 0
1; 1; 1; 0; 0
1; 1; 1; 0; 0
5; 2; 1; 47662; 33434
5; 3; 1; 47662; 31955
1; 1; 1; 0; 0
4; 3; 1; 26286; 18730
4; 2; 1; 26286; 21007
3; 3; 1; 26286; 18730
5; 3; 1; 10857; 7770
3; 2; 1; 10857; 10062
4; 3; 1; 10857; 7770
5; 2; 2; 6956; 6601
6; 3; 2; 10019; 8641
5; 3; 2; 4824; 9490
5; 2; 2; 20295; 16000
5; 3; 2; 35898; 30585
5; 3; 2; 35898; 30585
5; 4; 3; 36342; 32511
5; 3; 3; 24844; 21791
6; 4; 3; 47277; 42831
3; 3; 1; 9268; 5569
5; 4; 1; 37486; 26413
4; 3; 1; 16035; 10678
1; 1; 1; 0; 0
1; 1; 1; 0; 0
1; 1; 1; 0; 0
1; 1; 1; 0; 0
1; 1; 1; 0; 0
6; 3; 1; 27835; 19119
4; 2; 1; 27835; 20498
1; 1; 1; 0; 0
1; 1; 1; 0; 0
1; 1; 1; 0; 0
1; 1; 1; 0; 0
1; 1; 1; 0; 0
1; 1; 1; 0; 0
3; 2; 1; 19596; 12562
4; 2; 1; 19596; 12562
3; 2; 1; 19596; 12562
1; 1; 1; 0; 0
1; 1; 1; 0; 0
6; 3; 1; 56073; 38030
4; 3; 1; 56073; 38030
2; 2; 1; 56073; 41179
1; 1; 1; 0; 0
1; 1; 1; 0; 0
3; 2; 1; 33103; 26559
5; 3; 1; 33103; 22281
5; 2; 1; 4464; 3551
5; 2; 1; 16198; 12107
3; 3; 1; 16198; 11335
1; 1; 1; 0; 0
5; 2; 2; 6039; 4936
3; 2; 1; 1938; 1798
6; 3; 1; 7977; 6454
1; 1; 1; 0; 0
1; 1; 1; 0; 0
5; 2; 2; 53631; 33216
2; 3; 1; 8253; 6452
4; 3; 1; 8253; 6452
6; 3; 1; 62727; 40667
5; 3; 1; 16332; 12125
4; 2; 1; 16332; 12915
1; 1; 1; 0; 0
5; 2; 2; 23531; 17000
3; 2; 1; 2066; 495
6; 3; 1; 26638; 16964
5; 2; 1; 7258; 4822
6; 3; 1; 11781; 9889
4; 2; 1; 11781; 10092
1; 1; 1; 0; 0
1; 1; 1; 0; 0
1; 1; 1; 0; 0
1; 1; 1; 0; 0
4; 3; 1; 53828; 35224
3; 2; 1; 53828; 37861
5; 2; 1; 53828; 37861
1; 1; 1; 0; 0
5; 2; 2; 15175; 11678
2; 3; 1; 7329; 4957
4; 3; 1; 7329; 4957
4; 3; 1; 23362; 17356
5; 2; 2; 13210; 9335
5; 3; 1; 15341; 11077
3; 2; 1; 1878; 1742
5; 3; 1; 15071; 10518
5; 2; 1; 15071; 10870
1; 1; 1; 0; 0
1; 1; 1; 0; 0
5; 2; 1; 14181; 9694
5; 2; 2; 11398; 7810
6; 3; 2; 12608; 11964
3; 2; 1; 14201; 11783
4; 3; 1; 14201; 11589
5; 2; 2; 10854; 7967
6; 3; 1; 21565; 16019
2; 3; 1; 8587; 5468
5; 2; 1; 2330; 2008
5; 2; 1; 6450; 4513
5; 2; 1; 2001; 1650
5; 1; 1; 2349420; 2349420
5; 1; 1; 7105; 5324
5; 2; 1; 3431; 3293
5; 2; 1; 3397; 2673
5; 2; 1; 3510; 3329
5; 2; 1; 6825; 5468
5; 2; 1; 5387; 3686
5; 2; 1; 2498; 2290
5; 2; 1; 16976; 10418
5; 2; 1; 10667; 7169
5; 2; 1; 24567; 16005
5; 2; 1; 2484; 2332
5; 2; 1; 7923; 5641
5; 2; 1; 9190; 7280
5; 2; 1; 15455; 10040
5; 2; 1; 24878; 18713
5; 2; 1; 8737; 7125
5; 2; 1; 10419; 7814
5; 2; 1; 20981; 14705
5; 2; 1; 4744; 4468
5; 2; 1; 14846; 11493
5; 2; 1; 3343; 3246
5; 2; 1; 4244; 3463
5; 2; 1; 2844; 2725
5; 2; 1; 8339; 7716
5; 2; 1; 18669; 14182
5; 2; 1; 9080; 7671
5; 2; 1; 13673; 10238
5; 2; 1; 17704; 12623
5; 2; 1; 6807; 4689
5; 2; 1; 8279; 5642
5; 2; 1; 2972; 2821
5; 2; 1; 12506; 9462
5; 2; 1; 3082; 2965
5; 2; 1; 3813; 3639
5; 2; 1; 10702; 7135
5; 2; 1; 11026; 7405
5; 2; 1; 6739; 5825
5; 2; 1; 7231; 5215
5; 2; 1; 5102; 4859
5; 2; 1; 10068; 6829
5; 2; 1; 2152; 2033
5; 2; 1; 13665; 10022
5; 2; 1; 6562; 6239
5; 2; 1; 18143; 12042
5; 2; 1; 8835; 5710
5; 2; 1; 1862; 1750
5; 2; 1; 7128; 6007
5; 2; 1; 2810; 2683
5; 2; 1; 13001; 9139
5; 2; 1; 5066; 3642
5; 2; 1; 4871; 4611
5; 2; 1; 8647; 7308
5; 2; 1; 14062; 9472
5; 2; 1; 4266; 3387
5; 2; 1; 4207; 3423
5; 2; 1; 10814; 8587
5; 2; 1; 19368; 13759
5; 2; 1; 3645; 3518
5; 2; 1; 8983; 6619
5; 2; 1; 14646; 10698
5; 2; 1; 25862; 16311
5; 2; 1; 6800; 5820
5; 2; 1; 12164; 8094
5; 2; 1; 6362; 4590
5; 2; 1; 1496; 1377
5; 2; 1; 4217; 3729
5; 2; 1; 6662; 4871
5; 2; 1; 12553; 9511
5; 2; 1; 8796; 6715
5; 2; 1; 8858; 6333
5; 2; 1; 2255; 2156
5; 2; 1; 3119; 2975
5; 2; 1; 14229; 9416
5; 2; 1; 6183; 5193
5; 2; 1; 6248; 5862
5; 2; 1; 10562; 7422
5; 2; 1; 8475; 5536
5; 2; 1; 10696; 8397
5; 2; 1; 5287; 4172
5; 2; 1; 20356; 14069
5; 2; 1; 11501; 8306
5; 2; 1; 3973; 3432
5; 2; 1; 6048; 4674
5; 2; 1; 5773; 3902
5; 2; 1; 5906; 4650
5; 2; 1; 10341; 6993
5; 2; 1; 2837; 2703
5; 2; 1; 9551; 9186
5; 2; 1; 10638; 7648
5; 2; 1; 4526; 3573
5; 2; 1; 12254; 9408
5; 2; 1; 8676; 5709
5; 2; 1; 4897; 4091
5; 2; 1; 4197; 3069
5; 2; 1; 4781; 4532
5; 2; 1; 9643; 7561
4; 1; 1; 1731; 988
2; 1; 1; 1731; 988
3; 1; 3; 9518; 12157
4; 3; 1; 19089; 13862
5; 2; 1; 19089; 15690
4; 3; 1; 11302; 8400
2; 2; 1; 10245; 7317
5; 2; 1; 10245; 7317
1; 1; 1; 0; 0
5; 3; 1; 21819; 15428
4; 2; 1; 21819; 17903
4; 2; 1; 21819; 17903
1; 1; 1; 0; 0
1; 1; 1; 0; 0
6; 3; 1; 43451; 28945
4; 2; 1; 43451; 31901
1; 1; 1; 0; 0
3; 2; 1; 10308; 8900
5; 3; 1; 10308; 7453
5; 3; 1; 14050; 10623
3; 2; 1; 14050; 11879
5; 2; 1; 2776; 2622
1; 1; 1; 0; 0
1; 1; 1; 0; 0
1; 1; 1; 0; 0
4; 2; 1; 18372; 11394
4; 2; 1; 18372; 11394
5; 2; 1; 11147; 7391
4; 2; 1; 9639; 6979
4; 2; 1; 9639; 6979
4; 2; 1; 9639; 6979
5; 2; 2; 14518; 11168
4; 2; 1; 4211; 2719
5; 3; 1; 19698; 13641
5; 2; 2; 20482; 18245
4; 2; 2; 23558; 19429
4; 3; 2; 23558; 17310
4; 3; 2; 23558; 17310
2; 4; 1; 12611; 8579
4; 3; 1; 12611; 9995
3; 3; 1; 15932; 13113
1; 1; 1; 0; 0
1; 1; 1; 0; 0
1; 1; 1; 0; 0
5; 2; 2; 37681; 23935
4; 2; 1; 2089; 1976
4; 3; 1; 39770; 25640
1; 1; 1; 0; 0
1; 1; 1; 0; 0
3; 2; 1; 33946; 21624
5; 2; 1; 33946; 21624
5; 2; 2; 24899; 17916
6; 3; 1; 57500; 46632
5; 4; 1; 31113; 24742
5; 5; 1; 31113; 22868
4; 4; 1; 31113; 24742
5; 2; 1; 6627; 4962
2; 2; 1; 6627; 4962
1; 1; 1; 0; 0
6; 3; 1; 22235; 15666
4; 2; 1; 22235; 16695
5; 2; 2; 8980; 7037
2; 2; 1; 1481; 1311
5; 3; 1; 10816; 8348
1; 1; 1; 0; 0
1; 1; 1; 0; 0
4; 2; 2; 30021; 23595
4; 2; 1; 5689; 2623
4; 3; 1; 37816; 25124
3; 2; 1; 37816; 28324
1; 1; 1; 0; 0
1; 1; 1; 0; 0
5; 2; 1; 9813; 6883
3; 3; 1; 21569; 14850
4; 3; 1; 21569; 14850
6; 3; 1; 21569; 14850
4; 2; 1; 21699; 18037
5; 3; 1; 21699; 15022
5; 2; 1; 9076; 6169
3; 2; 1; 17002; 13356
3; 3; 1; 17002; 11839
5; 3; 1; 17002; 11839
5; 2; 1; 9035; 6467
5; 2; 1; 9035; 6467
1; 1; 1; 0; 0
5; 2; 2; 18261; 12441
4; 2; 1; 4411; 3811
5; 3; 1; 22672; 15511
1; 1; 1; 0; 0
1; 1; 1; 0; 0
5; 2; 1; 41261; 27995
5; 3; 1; 41261; 27602
5; 2; 1; 12726; 8287
3; 2; 1; 12726; 8287
3; 2; 1; 12726; 8287
4; 2; 1; 12726; 8287
5; 2; 2; 12646; 8312
5; 3; 1; 14796; 9704
3; 2; 1; 1232; 933
1; 1; 1; 0; 0
1; 1; 1; 0; 0
6; 3; 1; 35369; 24454
5; 2; 1; 35369; 25192
4; 2; 1; 7983; 7853
5; 3; 1; 7983; 6511
1; 1; 1; 0; 0
5; 2; 2; 22122; 16802
6; 3; 2; 25615; 24038
5; 2; 1; 18607; 12350
5; 2; 2; 15286; 11127
6; 3; 2; 36100; 33309
5; 3; 2; 19262; 17923
4; 3; 2; 30845; 27741
4; 3; 3; 17278; 19777
5; 4; 3; 42838; 40137
5; 4; 1; 30368; 20492
3; 3; 1; 23321; 16380
3; 3; 1; 19535; 13992
3; 3; 1; 30368; 24278
6; 3; 1; 36553; 26865
4; 3; 1; 36553; 26865
6; 4; 1; 36553; 26250
5; 2; 2; 5250; 5259
2; 3; 1; 9497; 6657
3; 2; 1; 9497; 8872
5; 3; 1; 15647; 13767
2; 2; 1; 18032; 15753
4; 3; 1; 18032; 13321
4; 2; 1; 18032; 15753
1; 1; 1; 0; 0
1; 1; 1; 0; 0
5; 2; 1; 12878; 8428
4; 2; 1; 12878; 8428
5; 2; 1; 14238; 9768
1; 1; 1; 0; 0
5; 2; 2; 14974; 11235
6; 3; 1; 17890; 13286
4; 2; 1; 2916; 2562
1; 1; 1; 0; 0
1; 1; 1; 0; 0
1; 1; 1; 0; 0
5; 2; 2; 28211; 19732
4; 3; 2; 10558; 10401
6; 4; 2; 17950; 15386
4; 3; 2; 47631; 36717
3; 3; 1; 9743; 6222
4; 2; 1; 3460; 2172
5; 2; 1; 8927; 6901
5; 2; 1; 15322; 11672
5; 3; 1; 15322; 11179
5; 2; 1; 6117; 4770
5; 2; 1; 5699; 3898
5; 1; 1; 7105; 5324
5; 2; 1; 3431; 3293
5; 2; 1; 3397; 2673
5; 2; 1; 3510; 3329
5; 2; 1; 6825; 5468
5; 2; 1; 5387; 3686
5; 2; 1; 2498; 2290
5; 2; 1; 16976; 10418
5; 2; 1; 10667; 7169
5; 2; 1; 24567; 16005
5; 2; 1; 2484; 2332
5; 2; 1; 7923; 5641
5; 2; 1; 9190; 7280
5; 2; 1; 15455; 10040
5; 2; 1; 24878; 18713
5; 2; 1; 8737; 7125
5; 2; 1; 10419; 7814
5; 2; 1; 20981; 14705
5; 2; 1; 4744; 4468
5; 2; 1; 14846; 11493
5; 2; 1; 3343; 3246
5; 2; 1; 4244; 3463
5; 2; 1; 2844; 2725
5; 2; 1; 8339; 7716
5; 2; 1; 18669; 14182
5; 2; 1; 9080; 7671
5; 2; 1; 13673; 10238
5; 2; 1; 17704; 12623
5; 2; 1; 6807; 4689
5; 2; 1; 8279; 5642
5; 2; 1; 2972; 2821
5; 2; 1; 12506; 9462
5; 2; 1; 3082; 2965
5; 2; 1; 3813; 3639
5; 2; 1; 10702; 7135
5; 2; 1; 11026; 7405
5; 2; 1; 6739; 5825
5; 2; 1; 7231; 5215
5; 2; 1; 5102; 4859
5; 2; 1; 10068; 6829
5; 2; 1; 2152; 2033
5; 2; 1; 13665; 10022
5; 2; 1; 6562; 6239
5; 2; 1; 18143; 12042
5; 2; 1; 8835; 5710
5; 2; 1; 1862; 1750
5; 2; 1; 7128; 6007
5; 2; 1; 2810; 2683
5; 2; 1; 13001; 9139
5; 2; 1; 5066; 3642
5; 2; 1; 4871; 4611
5; 2; 1; 8647; 7308
5; 2; 1; 14062; 9472
5; 2; 1; 4266; 3387
5; 2; 1; 4207; 3423
5; 2; 1; 10814; 8587
5; 2; 1; 19368; 13759
5; 2; 1; 3645; 3518
5; 2; 1; 8983; 6619
5; 2; 1; 14646; 10698
5; 2; 1; 25862; 16311
5; 2; 1; 6800; 5820
5; 2; 1; 12164; 8094
5; 2; 1; 6362; 4590
5; 2; 1; 1496; 1377
5; 2; 1; 4217; 3729
5; 2; 1; 6662; 4871
5; 2; 1; 12553; 9511
5; 2; 1; 8796; 6715
5; 2; 1; 8858; 6333
5; 2; 1; 2255; 2156
5; 2; 1; 3119; 2975
5; 2; 1; 14229; 9416
5; 2; 1; 6183; 5193
5; 2; 1; 6248; 5862
5; 2; 1; 10562; 7422
5; 2; 1; 8475; 5536
5; 2; 1; 10696; 8397
5; 2; 1; 5287; 4172
5; 2; 1; 20356; 14069
5; 2; 1; 11501; 8306
5; 2; 1; 3973; 3432
5; 2; 1; 6048; 4674
5; 2; 1; 5773; 3902
5; 2; 1; 5906; 4650
5; 2; 1; 10341; 6993
5; 2; 1; 2837; 2703
5; 2; 1; 9551; 9186
5; 2; 1; 10638; 7648
5; 2; 1; 4526; 3573
5; 2; 1; 12254; 9408
5; 2; 1; 8676; 5709
5; 2; 1; 4897; 4091
5; 2; 1; 4197; 3069
5; 2; 1; 4781; 4532
5; 2; 1; 9643; 7561
1; 0; 0; 0; 0
4; 1; 2; 5101; 4979
4; 1; 2; 7436; 6142
3; 1; 2; 7436; 6142
6; 2; 1; 37489; 32716
5; 4; 1; 28890; 20785
5; 4; 1; 28890; 20785
4; 4; 1; 28890; 20785
1; 1; 1; 0; 0
5; 3; 1; 19433; 13318
3; 3; 1; 19433; 13318
3; 3; 1; 19433; 13318
5; 2; 2; 11411; 8077
6; 3; 1; 14379; 9490
3; 2; 1; 2328; 1637
1; 1; 1; 0; 0
1; 1; 1; 0; 0
2; 2; 1; 18585; 13149
5; 2; 1; 18585; 13149
5; 3; 1; 29480; 20155
5; 2; 1; 29480; 23106
3; 2; 1; 29480; 23106
1; 1; 1; 0; 0
5; 2; 2; 14111; 11962
3; 2; 1; 3152; 2197
5; 3; 1; 17263; 12498
1; 1; 1; 0; 0
1; 1; 1; 0; 0
6; 3; 1; 23161; 16054
4; 2; 1; 23161; 17722
1; 1; 1; 0; 0
1; 1; 1; 0; 0
4; 2; 1; 8716; 6256
5; 2; 1; 8716; 6256
3; 2; 1; 13739; 10655
6; 3; 1; 13739; 10324
5; 2; 2; 14174; 12741
6; 3; 1; 22668; 16158
3; 2; 1; 5000; 2562
1; 1; 1; 0; 0
5; 2; 1; 20077; 12530
1; 1; 1; 0; 0
5; 2; 2; 17028; 11637
4; 2; 1; 2880; 2718
4; 3; 1; 20386; 14355
1; 1; 1; 0; 0
1; 1; 1; 0; 0
5; 2; 1; 21159; 13397
4; 2; 1; 17107; 11625
4; 2; 1; 17107; 11625
1; 1; 1; 0; 0
5; 2; 2; 41979; 31038
6; 3; 3; 46608; 37035
4; 3; 1; 35143; 29426
3; 5; 1; 30199; 22321
3; 2; 1; 35143; 33039
4; 4; 1; 30199; 23671
4; 3; 1; 35143; 29426
3; 2; 1; 4034; 3074
4; 2; 1; 4034; 3074
5; 2; 1; 36764; 31134
3; 3; 1; 36764; 26249
4; 3; 1; 36764; 26249
1; 1; 1; 0; 0
5; 2; 2; 9689; 8342
6; 3; 2; 16058; 14322
5; 3; 2; 16058; 14322
4; 4; 2; 20273; 21263
4; 2; 2; 30576; 31841
4; 3; 3; 24091; 21758
5; 4; 4; 36100; 37613
2; 5; 1; 31509; 23281
6; 4; 1; 65629; 57557
6; 4; 1; 38754; 33631
4; 3; 1; 46319; 39447
2; 4; 1; 46319; 37999
4; 4; 1; 31509; 23712
5; 2; 1; 1585; 1473
4; 2; 1; 18940; 14001
4; 2; 1; 18940; 14001
3; 3; 1; 18940; 12914
1; 1; 1; 0; 0
1; 1; 1; 0; 0
1; 1; 1; 0; 0
1; 1; 1; 0; 0
1; 1; 1; 0; 0
5; 2; 1; 37994; 22057
2; 2; 1; 37994; 22057
5; 2; 2; 19815; 12896
6; 3; 2; 33393; 28801
4; 4; 2; 16958; 13110
4; 3; 3; 26565; 27963
4; 3; 2; 24177; 21174
4; 3; 2; 20243; 16502
5; 4; 1; 56301; 51930
4; 3; 1; 26127; 22523
3; 4; 1; 18330; 13242
5; 4; 1; 39006; 33159
4; 3; 1; 18330; 15394
5; 2; 1; 7863; 6395
3; 3; 1; 19567; 13454
6; 3; 1; 19567; 13454
4; 2; 1; 13546; 8863
4; 2; 1; 13546; 8863
5; 2; 1; 23455; 18355
6; 3; 1; 23455; 16110
5; 4; 1; 27598; 20571
6; 3; 1; 27598; 22663
5; 4; 1; 27598; 20571
6; 3; 1; 27598; 22663
1; 1; 1; 0; 0
1; 1; 1; 0; 0
6; 3; 1; 25255; 17354
5; 2; 1; 25255; 17795
4; 2; 1; 10428; 6853
4; 2; 1; 10428; 6853
4; 2; 1; 12993; 8627
5; 2; 1; 12993; 8627
5; 2; 1; 15479; 9856
5; 2; 2; 14060; 9773
6; 3; 1; 16937; 11906
2; 2; 1; 2877; 2699
1; 1; 1; 0; 0
1; 1; 1; 0; 0
1; 1; 1; 0; 0
5; 2; 2; 30402; 20773
3; 3; 1; 5993; 3761
6; 3; 1; 37286; 25252
2; 3; 1; 5993; 3761
3; 3; 1; 5993; 3761
1; 1; 1; 0; 0
5; 2; 2; 25142; 18643
6; 3; 3; 32139; 26057
4; 3; 2; 26078; 24682
5; 3; 2; 26078; 24682
4; 3; 3; 16825; 12237
4; 3; 2; 28170; 27157
4; 3; 2; 3718; 6114
4; 3; 2; 30319; 31705
4; 4; 2; 19634; 16824
4; 3; 1; 27218; 23407
5; 4; 1; 22081; 15554
4; 4; 1; 22081; 15554
2; 4; 1; 12825; 9362
6; 4; 1; 12825; 9362
3; 3; 1; 12825; 11053
5; 2; 1; 3105; 2455
2; 2; 1; 3105; 2455
5; 2; 2; 23123; 16780
5; 3; 1; 8315; 6099
3; 3; 1; 32783; 22725
5; 2; 1; 2596; 2227
5; 1; 1; 2349420; 2349420
5; 1; 1; 7105; 5324
5; 2; 1; 3431; 3293
5; 2; 1; 3397; 2673
5; 2; 1; 3510; 3329
5; 2; 1; 6825; 5468
5; 2; 1; 5387; 3686
5; 2; 1; 2498; 2290
5; 2; 1; 16976; 10418
5; 2; 1; 10667; 7169
5; 2; 1; 24567; 16005
5; 2; 1; 2484; 2332
5; 2; 1; 7923; 5641
5; 2; 1; 9190; 7280
5; 2; 1; 15455; 10040
5; 2; 1; 24878; 18713
5; 2; 1; 8737; 7125
5; 2; 1; 10419; 7814
5; 2; 1; 20981; 14705
5; 2; 1; 4744; 4468
5; 2; 1; 14846; 11493
5; 2; 1; 3343; 3246
5; 2; 1; 4244; 3463
5; 2; 1; 2844; 2725
5; 2; 1; 8339; 7716
5; 2; 1; 18669; 14182
5; 2; 1; 9080; 7671
5; 2; 1; 13673; 10238
5; 2; 1; 17704; 12623
5; 2; 1; 6807; 4689
5; 2; 1; 8279; 5642
5; 2; 1; 2972; 2821
5; 2; 1; 12506; 9462
5; 2; 1; 3082; 2965
5; 2; 1; 3813; 3639
5; 2; 1; 10702; 7135
5; 2; 1; 11026; 7405
5; 2; 1; 6739; 5825
5; 2; 1; 7231; 5215
5; 2; 1; 5102; 4859
5; 2; 1; 10068; 6829
5; 2; 1; 2152; 2033
5; 2; 1; 13665; 10022
5; 2; 1; 6562; 6239
5; 2; 1; 18143; 12042
5; 2; 1; 8835; 5710
5; 2; 1; 1862; 1750
5; 2; 1; 7128; 6007
5; 2; 1; 2810; 2683
5; 2; 1; 13001; 9139
5; 2; 1; 5066; 3642
5; 2; 1; 4871; 4611
5; 2; 1; 8647; 7308
5; 2; 1; 14062; 9472
5; 2; 1; 4266; 3387
5; 2; 1; 4207; 3423
5; 2; 1; 10814; 8587
5; 2; 1; 19368; 13759
5; 2; 1; 3645; 3518
5; 2; 1; 8983; 6619
5; 2; 1; 14646; 10698
5; 2; 1; 25862; 16311
5; 2; 1; 6800; 5820
5; 2; 1; 12164; 8094
5; 2; 1; 6362; 4590
5; 2; 1; 1496; 1377
5; 2; 1; 4217; 3729
5; 2; 1; 6662; 4871
5; 2; 1; 12553; 9511
5; 2; 1; 8796; 6715
5; 2; 1; 8858; 6333
5; 2; 1; 2255; 2156
5; 2; 1; 3119; 2975
5; 2; 1; 14229; 9416
5; 2; 1; 6183; 5193
5; 2; 1; 6248; 5862
5; 2; 1; 10562; 7422
5; 2; 1; 8475; 5536
5; 2; 1; 10696; 8397
5; 2; 1; 5287; 4172
5; 2; 1; 20356; 14069
5; 2; 1; 11501; 8306
5; 2; 1; 3973; 3432
5; 2; 1; 6048; 4674
5; 2; 1; 5773; 3902
5; 2; 1; 5906; 4650
5; 2; 1; 10341; 6993
5; 2; 1; 2837; 2703
5; 2; 1; 9551; 9186
5; 2; 1; 10638; 7648
5; 2; 1; 4526; 3573
5; 2; 1; 12254; 9408
5; 2; 1; 8676; 5709
5; 2; 1; 4897; 4091
5; 2; 1; 4197; 3069
5; 2; 1; 4781; 4532
5; 2; 1; 9643; 7561
5; 2; 2; 8438; 6508
4; 2; 2; 8438; 6508
6; 2; 2; 8438; 6508
5; 3; 1; 13910; 9247
5; 2; 1; 4540; 3323
1; 1; 1; 0; 0
1; 1; 1; 0; 0
1; 1; 1; 0; 0
5; 3; 1; 32463; 22385
5; 3; 1; 32463; 22385
5; 3; 1; 32463; 22385
5; 2; 1; 7426; 5355
6; 3; 1; 22492; 15840
5; 2; 1; 22492; 16535
5; 2; 1; 11323; 7362
5; 2; 1; 9094; 6376
4; 2; 1; 9094; 6376
5; 2; 1; 10019; 6607
1; 1; 1; 0; 0
5; 3; 1; 22415; 15310
4; 2; 1; 22415; 16013
1; 1; 1; 0; 0
5; 2; 1; 4379; 2947
4; 2; 1; 4379; 2947
1; 1; 1; 0; 0
1; 1; 1; 0; 0
5; 2; 2; 26551; 19323
6; 3; 2; 36804; 29591
6; 5; 2; 28277; 23230
7; 5; 2; 28277; 23230
5; 4; 4; 28758; 26971
4; 3; 4; 17154; 14333
6; 4; 2; 29673; 25666
4; 3; 1; 16192; 14759
6; 7; 1; 14795; 11431
4; 7; 1; 14795; 11431
4; 7; 1; 14795; 11431
4; 4; 1; 16192; 14331
5; 2; 2; 14162; 13079
6; 3; 2; 16456; 13040
4; 4; 1; 17852; 13407
6; 4; 1; 17852; 13407
5; 4; 1; 17852; 13407
5; 3; 1; 17852; 13773
5; 2; 1; 19564; 12187
2; 2; 1; 27558; 21666
6; 3; 1; 27558; 19967
1; 1; 1; 0; 0
5; 2; 2; 19333; 17834
6; 3; 2; 37919; 32032
5; 3; 1; 19315; 12786
6; 3; 1; 25819; 17899
5; 2; 1; 25819; 20847
5; 2; 1; 10914; 7551
1; 1; 1; 0; 0
1; 1; 1; 0; 0
1; 1; 1; 0; 0
1; 1; 1; 0; 0
3; 3; 1; 42197; 28425
5; 3; 1; 42197; 28425
5; 2; 1; 42197; 28642
4; 3; 1; 10373; 7460
5; 2; 1; 10373; 9280
3; 2; 1; 12300; 9073
4; 2; 1; 12300; 9073
4; 3; 1; 15620; 10579
4; 2; 1; 15620; 11923
6; 3; 1; 15620; 10579
1; 1; 1; 0; 0
1; 1; 1; 0; 0
5; 2; 1; 14478; 10043
4; 2; 1; 14171; 9161
5; 2; 1; 14171; 9161
5; 2; 2; 14478; 10449
5; 3; 1; 18638; 13009
2; 2; 1; 1637; 971
4; 2; 1; 29877; 23260
5; 3; 1; 29877; 20830
1; 1; 1; 0; 0
5; 2; 1; 9736; 7138
1; 1; 1; 0; 0
5; 3; 1; 18758; 12989
4; 3; 1; 18758; 12989
3; 3; 1; 19040; 13702
6; 3; 1; 19040; 13702
3; 2; 1; 19040; 15098
4; 2; 1; 7426; 5632
3; 2; 1; 7426; 5632
5; 2; 1; 15418; 9960
1; 1; 1; 0; 0
4; 2; 1; 31991; 22508
6; 3; 1; 31991; 20693
5; 2; 2; 11929; 11428
4; 2; 1; 3687; 1725
5; 3; 1; 16839; 12566
3; 2; 1; 24523; 19046
4; 3; 1; 24523; 16781
4; 3; 1; 24523; 16781
5; 2; 1; 4706; 3708
5; 2; 1; 18627; 14971
3; 3; 1; 18627; 13695
5; 2; 1; 3585; 2799
3; 2; 1; 3585; 2799
5; 2; 2; 13438; 11397
6; 3; 2; 20119; 17338
2; 3; 1; 11011; 8742
5; 3; 1; 11011; 8742
3; 4; 1; 11011; 8124
5; 2; 2; 48059; 30823
6; 3; 1; 51489; 33021
2; 2; 1; 2807; 2318
5; 2; 2; 15501; 11270
5; 3; 1; 15330; 13714
4; 4; 1; 15330; 11676
3; 3; 1; 15330; 13714
5; 3; 1; 31956; 25232
4; 2; 1; 11880; 7414
4; 2; 1; 11880; 7414
1; 1; 1; 0; 0
5; 2; 1; 24302; 15250
6; 3; 1; 18182; 14063
3; 2; 1; 18182; 14678
1; 1; 1; 0; 0
6; 3; 1; 13747; 10080
3; 2; 1; 13747; 10714
5; 2; 1; 10720; 7290
1; 1; 1; 0; 0
4; 2; 1; 21516; 16815
4; 2; 1; 21516; 16815
6; 3; 1; 21516; 14281
1; 1; 1; 0; 0
5; 2; 1; 9027; 6751
1; 1; 1; 0; 0
5; 2; 1; 13983; 10893
6; 3; 1; 13983; 10502
1; 1; 1; 0; 0
5; 2; 2; 9875; 7281
6; 3; 2; 15132; 14111
4; 3; 1; 14640; 10233
5; 3; 1; 19279; 15466
5; 2; 1; 6756; 4740
2; 2; 1; 6756; 4740
1; 1; 1; 0; 0
1; 1; 1; 0; 0
5; 2; 1; 25175; 17977
4; 3; 1; 25175; 17600
5; 2; 1; 7753; 5815
5; 2; 1; 5391; 3438
5; 2; 1; 6039; 3845
5; 2; 1; 1689; 1506
5; 2; 1; 6279; 4463
5; 2; 1; 2083; 1732
5; 1; 1; 7105; 5324
5; 2; 1; 3431; 3293
5; 2; 1; 3397; 2673
5; 2; 1; 3510; 3329
5; 2; 1; 6825; 5468
5; 2; 1; 5387; 3686
5; 2; 1; 2498; 2290
5; 2; 1; 16976; 10418
5; 2; 1; 10667; 7169
5; 2; 1; 24567; 16005
5; 2; 1; 2484; 2332
5; 2; 1; 7923; 5641
5; 2; 1; 9190; 7280
5; 2; 1; 15455; 10040
5; 2; 1; 24878; 18713
5; 2; 1; 8737; 7125
5; 2; 1; 10419; 7814
5; 2; 1; 20981; 14705
5; 2; 1; 4744; 4468
5; 2; 1; 14846; 11493
5; 2; 1; 3343; 3246
5; 2; 1; 4244; 3463
5; 2; 1; 2844; 2725
5; 2; 1; 8339; 7716
5; 2; 1; 18669; 14182
5; 2; 1; 9080; 7671
5; 2; 1; 13673; 10238
5; 2; 1; 17704; 12623
5; 2; 1; 6807; 4689
5; 2; 1; 8279; 5642
5; 2; 1; 2972; 2821
5; 2; 1; 12506; 9462
5; 2; 1; 3082; 2965
5; 2; 1; 3813; 3639
5; 2; 1; 10702; 7135
5; 2; 1; 11026; 7405
5; 2; 1; 6739; 5825
5; 2; 1; 7231; 5215
5; 2; 1; 5102; 4859
5; 2; 1; 10068; 6829
5; 2; 1; 2152; 2033
5; 2; 1; 13665; 10022
5; 2; 1; 6562; 6239
5; 2; 1; 18143; 12042
5; 2; 1; 8835; 5710
5; 2; 1; 1862; 1750
5; 2; 1; 7128; 6007
5; 2; 1; 2810; 2683
5; 2; 1; 13001; 9139
5; 2; 1; 5066; 3642
5; 2; 1; 4871; 4611
5; 2; 1; 8647; 7308
5; 2; 1; 14062; 9472
5; 2; 1; 4266; 3387
5; 2; 1; 4207; 3423
5; 2; 1; 10814; 8587
5; 2; 1; 19368; 13759
5; 2; 1; 3645; 3518
5; 2; 1; 8983; 6619
5; 2; 1; 14646; 10698
5; 2; 1; 25862; 16311
5; 2; 1; 6800; 5820
5; 2; 1; 12164; 8094
5; 2; 1; 6362; 4590
5; 2; 1; 1496; 1377
5; 2; 1; 4217; 3729
5; 2; 1; 6662; 4871
5; 2; 1; 12553; 9511
5; 2; 1; 8796; 6715
5; 2; 1; 8858; 6333
5; 2; 1; 2255; 2156
5; 2; 1; 3119; 2975
5; 2; 1; 14229; 9416
5; 2; 1; 6183; 5193
5; 2; 1; 6248; 5862
5; 2; 1; 10562; 7422
5; 2; 1; 8475; 5536
5; 2; 1; 10696; 8397
5; 2; 1; 5287; 4172
5; 2; 1; 20356; 14069
5; 2; 1; 11501; 8306
5; 2; 1; 3973; 3432
5; 2; 1; 6048; 4674
5; 2; 1; 5773; 3902
5; 2; 1; 5906; 4650
5; 2; 1; 10341; 6993
5; 2; 1; 2837; 2703
5; 2; 1; 9551; 9186
5; 2; 1; 10638; 7648
5; 2; 1; 4526; 3573
5; 2; 1; 12254; 9408
5; 2; 1; 8676; 5709
5; 2; 1; 4897; 4091
5; 2; 1; 4197; 3069
5; 2; 1; 4781; 4532
5; 2; 1; 9643; 7561
4; 1; 1; 2145; 1180
3; 1; 1; 2145; 1180
5; 1; 1; 2145; 1180
1; 1; 1; 0; 0
1; 1; 1; 0; 0
1; 1; 1; 0; 0
5; 2; 1; 29243; 20227
6; 3; 1; 29243; 19944
5; 2; 1; 3467; 3016
1; 1; 1; 0; 0
5; 2; 2; 18243; 15216
6; 3; 1; 21722; 14552
1; 1; 1; 0; 0
5; 2; 1; 16540; 10299
5; 2; 2; 14183; 9191
6; 3; 1; 15146; 9757
3; 2; 1; 963; 786
5; 2; 1; 6200; 4298
1; 1; 1; 0; 0
1; 1; 1; 0; 0
1; 1; 1; 0; 0
1; 1; 1; 0; 0
5; 2; 2; 32528; 23722
2; 2; 1; 4083; 2382
5; 3; 1; 36611; 23085
3; 2; 1; 4083; 2382
1; 1; 1; 0; 0
5; 2; 2; 21304; 16851
6; 3; 2; 34938; 28172
4; 4; 2; 14233; 11350
4; 3; 2; 14233; 12715
5; 3; 2; 14233; 12715
5; 2; 2; 5976; 5670
5; 4; 1; 19119; 13273
6; 3; 1; 25925; 23984
4; 4; 1; 19119; 13273
5; 3; 1; 13591; 9773
5; 2; 1; 13591; 11024
4; 3; 1; 7593; 5288
5; 2; 1; 7593; 5531
6; 3; 1; 7593; 5288
1; 1; 1; 0; 0
5; 2; 1; 3685; 2762
5; 2; 1; 7509; 5641
5; 3; 1; 33478; 22720
5; 2; 1; 33478; 23499
1; 1; 1; 0; 0
1; 1; 1; 0; 0
5; 2; 2; 36192; 25915
6; 3; 1; 40429; 27195
2; 2; 1; 2835; 1521
5; 2; 1; 25953; 19449
6; 3; 1; 25953; 18016
5; 2; 1; 29772; 19032
3; 2; 1; 29772; 19032
4; 2; 1; 29772; 19032
5; 2; 1; 17460; 12709
4; 3; 1; 17460; 12582
4; 2; 1; 8576; 6315
3; 2; 1; 8576; 6315
5; 2; 1; 8576; 6315
1; 1; 1; 0; 0
5; 3; 1; 26210; 18451
4; 2; 1; 26210; 20642
1; 1; 1; 0; 0
5; 2; 2; 8108; 6043
3; 2; 1; 1072; 753
5; 3; 1; 9494; 6796
5; 2; 1; 15704; 10765
2; 2; 1; 15704; 10765
6; 3; 1; 24293; 16847
5; 2; 1; 24293; 19043
3; 2; 1; 6359; 4828
5; 2; 1; 6359; 4828
1; 1; 1; 0; 0
5; 2; 1; 20496; 12563
5; 2; 1; 20496; 12563
3; 2; 1; 18587; 15255
4; 3; 1; 18587; 13282
5; 2; 1; 18587; 15255
1; 1; 1; 0; 0
5; 2; 2; 21976; 14560
6; 3; 2; 27086; 20942
3; 2; 1; 6285; 4471
5; 3; 1; 10837; 7637
4; 2; 1; 15594; 9968
4; 2; 1; 15594; 9968
5; 2; 1; 23619; 19658
4; 3; 1; 23619; 17412
4; 2; 1; 14585; 9115
5; 2; 1; 14585; 9115
5; 2; 2; 19360; 14455
6; 3; 2; 23779; 16624
2; 3; 2; 6011; 7097
6; 3; 3; 36661; 33303
5; 3; 2; 37857; 38927
5; 4; 2; 34107; 30740
4; 3; 2; 34107; 32043
5; 5; 2; 21303; 16574
3; 4; 2; 21303; 16956
4; 3; 2; 38092; 37291
5; 2; 2; 12014; 13277
5; 3; 2; 18688; 16614
5; 3; 3; 35335; 30745
3; 4; 3; 30478; 26203
6; 4; 3; 34130; 30208
3; 4; 1; 32588; 28029
5; 4; 1; 28272; 23881
2; 3; 1; 19375; 13288
6; 5; 1; 60081; 52136
6; 4; 1; 32588; 28029
1; 1; 1; 0; 0
5; 2; 1; 36350; 24821
4; 3; 1; 36350; 24210
6; 3; 1; 14443; 11071
5; 2; 1; 14443; 12518
5; 2; 2; 5010; 5787
3; 2; 1; 2270; 1340
6; 3; 1; 9516; 8044
5; 2; 1; 27633; 18000
1; 1; 1; 0; 0
1; 1; 1; 0; 0
5; 2; 2; 25806; 16970
6; 3; 1; 28600; 18544
3; 2; 1; 2210; 1593
5; 2; 1; 9650; 8434
6; 3; 1; 9650; 7841
5; 2; 1; 7078; 5053
4; 2; 1; 7078; 5053
5; 2; 2; 12975; 9618
4; 3; 1; 23283; 18458
4; 4; 1; 9737; 6911
4; 3; 1; 9737; 7713
4; 3; 1; 9119; 7590
4; 3; 1; 9119; 7590
5; 3; 1; 9119; 7590
4; 3; 1; 9119; 7590
1; 1; 1; 0; 0
6; 3; 1; 17293; 12684
3; 2; 1; 17293; 13262
5; 2; 1; 16949; 10674
5; 2; 1; 19458; 15311
3; 3; 1; 19458; 13642
5; 2; 1; 3734; 2908
5; 2; 1; 9979; 6481
4; 2; 1; 14104; 12284
4; 3; 1; 14104; 11625
5; 2; 1; 5273; 3483
5; 2; 2; 5282; 5067
6; 3; 1; 9837; 7713
5; 2; 1; 9419; 6320
5; 2; 1; 2062; 1711
5; 1; 1; 2349420; 2349420
5; 1; 1; 7105; 5324
5; 2; 1; 3431; 3293
5; 2; 1; 3397; 2673
5; 2; 1; 3510; 3329
5; 2; 1; 6825; 5468
5; 2; 1; 5387; 3686
5; 2; 1; 2498; 2290
5; 2; 1; 16976; 10418
5; 2; 1; 10667; 7169
5; 2; 1; 24567; 16005
5; 2; 1; 2484; 2332
5; 2; 1; 7923; 5641
5; 2; 1; 9190; 7280
5; 2; 1; 15455; 10040
5; 2; 1; 24878; 18713
5; 2; 1; 8737; 7125
5; 2; 1; 10419; 7814
5; 2; 1; 20981; 14705
5; 2; 1; 4744; 4468
5; 2; 1; 14846; 11493
5; 2; 1; 3343; 3246
5; 2; 1; 4244; 3463
5; 2; 1; 2844; 2725
5; 2; 1; 8339; 7716
5; 2; 1; 18669; 14182
5; 2; 1; 9080; 7671
5; 2; 1; 13673; 10238
5; 2; 1; 17704; 12623
5; 2; 1; 6807; 4689
5; 2; 1; 8279; 5642
5; 2; 1; 2972; 2821
5; 2; 1; 12506; 9462
5; 2; 1; 3082; 2965
5; 2; 1; 3813; 3639
5; 2; 1; 10702; 7135
5; 2; 1; 11026; 7405
5; 2; 1; 6739; 5825
5; 2; 1; 7231; 5215
5; 2; 1; 5102; 4859
5; 2; 1; 10068; 6829
5; 2; 1; 2152; 2033
5; 2; 1; 13665; 10022
5; 2; 1; 6562; 6239
5; 2; 1; 18143; 12042
5; 2; 1; 8835; 5710
5; 2; 1; 1862; 1750
5; 2; 1; 7128; 6007
5; 2; 1; 2810; 2683
5; 2; 1; 13001; 9139
5; 2; 1; 5066; 3642
5; 2; 1; 4871; 4611
5; 2; 1; 8647; 7308
5; 2; 1; 14062; 9472
5; 2; 1; 4266; 3387
5; 2; 1; 4207; 3423
5; 2; 1; 10814; 8587
5; 2; 1; 19368; 13759
5; 2; 1; 3645; 3518
5; 2; 1; 8983; 6619
5; 2; 1; 14646; 10698
5; 2; 1; 25862; 16311
5; 2; 1; 6800; 5820
5; 2; 1; 12164; 8094
5; 2; 1; 6362; 4590
5; 2; 1; 1496; 1377
5; 2; 1; 4217; 3729
5; 2; 1; 6662; 4871
5; 2; 1; 12553; 9511
5; 2; 1; 8796; 6715
5; 2; 1; 8858; 6333
5; 2; 1; 2255; 2156
5; 2; 1; 3119; 2975
5; 2; 1; 14229; 9416
5; 2; 1; 6183; 5193
5; 2; 1; 6248; 5862
5; 2; 1; 10562; 7422
5; 2; 1; 8475; 5536
5; 2; 1; 10696; 8397
5; 2; 1; 5287; 4172
5; 2; 1; 20356; 14069
5; 2; 1; 11501; 8306
5; 2; 1; 3973; 3432
5; 2; 1; 6048; 4674
5; 2; 1; 5773; 3902
5; 2; 1; 5906; 4650
5; 2; 1; 10341; 6993
5; 2; 1; 2837; 2703
5; 2; 1; 9551; 9186
5; 2; 1; 10638; 7648
5; 2; 1; 4526; 3573
5; 2; 1; 12254; 9408
5; 2; 1; 8676; 5709
5; 2; 1; 4897; 4091
5; 2; 1; 4197; 3069
5; 2; 1; 4781; 4532
5; 2; 1; 9643; 7561
5; 1; 1; 7105; 5324
5; 2; 1; 3431; 3293
5; 2; 1; 3397; 2673
5; 2; 1; 3510; 3329
5; 2; 1; 6825; 5468
5; 2; 1; 5387; 3686
5; 2; 1; 2498; 2290
5; 2; 1; 16976; 10418
5; 2; 1; 10667; 7169
5; 2; 1; 24567; 16005
5; 2; 1; 2484; 2332
5; 2; 1; 7923; 5641
5; 2; 1; 9190; 7280
5; 2; 1; 15455; 10040
5; 2; 1; 24878; 18713
5; 2; 1; 8737; 7125
5; 2; 1; 10419; 7814
5; 2; 1; 20981; 14705
5; 2; 1; 4744; 4468
5; 2; 1; 14846; 11493
5; 2; 1; 3343; 3246
5; 2; 1; 4244; 3463
5; 2; 1; 2844; 2725
5; 2; 1; 8339; 7716
5; 2; 1; 18669; 14182
5; 2; 1; 9080; 7671
5; 2; 1; 13673; 10238
5; 2; 1; 17704; 12623
5; 2; 1; 6807; 4689
5; 2; 1; 8279; 5642
5; 2; 1; 2972; 2821
5; 2; 1; 12506; 9462
5; 2; 1; 3082; 2965
5; 2; 1; 3813; 3639
5; 2; 1; 10702; 7135
5; 2; 1; 11026; 7405
5; 2; 1; 6739; 5825
5; 2; 1; 7231; 5215
5; 2; 1; 5102; 4859
5; 2; 1; 10068; 6829
5; 2; 1; 2152; 2033
5; 2; 1; 13665; 10022
5; 2; 1; 6562; 6239
5; 2; 1; 18143; 12042
5; 2; 1; 8835; 5710
5; 2; 1; 1862; 1750
5; 2; 1; 7128; 6007
5; 2; 1; 2810; 2683
5; 2; 1; 13001; 9139
5; 2; 1; 5066; 3642
5; 2; 1; 4871; 4611
5; 2; 1; 8647; 7308
5; 2; 1; 14062; 9472
5; 2; 1; 4266; 3387
5; 2; 1; 4207; 3423
5; 2; 1; 10814; 8587
5; 2; 1; 19368; 13759
5; 2; 1; 3645; 3518
5; 2; 1; 8983; 6619
5; 2; 1; 14646; 10698
5; 2; 1; 25862; 16311
5; 2; 1; 6800; 5820
5; 2; 1; 12164; 8094
5; 2; 1; 6362; 4590
5; 2; 1; 1496; 1377
5; 2; 1; 4217; 3729
5; 2; 1; 6662; 4871
5; 2; 1; 12553; 9511
5; 2; 1; 8796; 6715
5; 2; 1; 8858; 6333
5; 2; 1; 2255; 2156
5; 2; 1; 3119; 2975
5; 2; 1; 14229; 9416
5; 2; 1; 6183; 5193
5; 2; 1; 6248; 5862
5; 2; 1; 10562; 7422
5; 2; 1; 8475; 5536
5; 2; 1; 10696; 8397
5; 2; 1; 5287; 4172
5; 2; 1; 20356; 14069
5; 2; 1; 11501; 8306
5; 2; 1; 3973; 3432
5; 2; 1; 6048; 4674
5; 2; 1; 5773; 3902
5; 2; 1; 5906; 4650
5; 2; 1; 10341; 6993
5; 2; 1; 2837; 2703
5; 2; 1; 9551; 9186
5; 2; 1; 10638; 7648
5; 2; 1; 4526; 3573
5; 2; 1; 12254; 9408
5; 2; 1; 8676; 5709
5; 2; 1; 4897; 4091
5; 2; 1; 4197; 3069
5; 2; 1; 4781; 4532
5; 2; 1; 9643; 7561
2; 1; 1; 5547; 4855
6; 2; 1; 5547; 3902
1; 1; 1; 0; 0
4; 2; 1; 8752; 6351
3; 2; 1; 8752; 6351
1; 1; 1; 0; 0
1; 1; 1; 0; 0
1; 1; 1; 0; 0
1; 1; 1; 0; 0
5; 3; 1; 35778; 23382
4; 3; 1; 35778; 23382
2; 2; 1; 35778; 26818
1; 1; 1; 0; 0
4; 3; 1; 35819; 24195
4; 2; 1; 35819; 28636
3; 2; 1; 35819; 28636
4; 3; 1; 35819; 24195
5; 2; 2; 7308; 8020
5; 4; 1; 32673; 22871
2; 3; 1; 32673; 27392
6; 3; 1; 41490; 39126
5; 2; 2; 3755; 3827
4; 3; 1; 16269; 15060
2; 3; 1; 16269; 15060
4; 3; 1; 14776; 10378
5; 3; 1; 20685; 19556
1; 1; 1; 0; 0
3; 3; 1; 21304; 15069
4; 2; 1; 21304; 18980
3; 2; 1; 21304; 18980
4; 3; 1; 9598; 7275
4; 2; 1; 9598; 9256
1; 1; 1; 0; 0
5; 2; 2; 13894; 11373
6; 3; 3; 19659; 17130
5; 3; 2; 14657; 12919
5; 4; 2; 31103; 29887
7; 5; 2; 30700; 27794
3; 4; 2; 21131; 15794
4; 5; 2; 21131; 15327
6; 5; 2; 30700; 27794
5; 5; 2; 23575; 26229
4; 3; 2; 5831; 11953
5; 2; 1; 24132; 14883
1; 1; 1; 0; 0
5; 2; 2; 14670; 10263
5; 3; 1; 16557; 11811
2; 2; 1; 1437; 1323
5; 2; 1; 23974; 14395
4; 2; 1; 23974; 14395
4; 2; 1; 15521; 10327
3; 2; 1; 15521; 10327
2; 3; 1; 48826; 35612
6; 3; 1; 48826; 35612
5; 4; 1; 48826; 35267
4; 4; 1; 48826; 35267
1; 1; 1; 0; 0
1; 1; 1; 0; 0
6; 3; 1; 47537; 31559
3; 2; 1; 47537; 35363
1; 1; 1; 0; 0
1; 1; 1; 0; 0
4; 2; 1; 20772; 15675
5; 3; 1; 20772; 14727
5; 3; 1; 10198; 8137
1; 1; 1; 0; 0
5; 2; 1; 10198; 10321
4; 2; 1; 10039; 8056
4; 3; 1; 10039; 7671
4; 3; 1; 6689; 5416
4; 3; 1; 6689; 5416
5; 2; 1; 6689; 6299
4; 2; 1; 14957; 12801
4; 3; 1; 14957; 10338
1; 1; 1; 0; 0
5; 3; 1; 26378; 17493
4; 2; 1; 26378; 20547
6; 3; 1; 26378; 17493
1; 1; 1; 0; 0
1; 1; 1; 0; 0
1; 1; 1; 0; 0
5; 2; 1; 40078; 29827
4; 3; 1; 40078; 26733
5; 2; 1; 6163; 4869
5; 2; 1; 10941; 7088
2; 2; 1; 10941; 7088
5; 2; 2; 28162; 22616
4; 3; 3; 33107; 22865
5; 3; 2; 38219; 28510
4; 4; 1; 14734; 12458
4; 3; 1; 14734; 13027
3; 3; 1; 9089; 6434
2; 4; 1; 18717; 15345
5; 3; 1; 18717; 15625
1; 1; 1; 0; 0
1; 1; 1; 0; 0
1; 1; 1; 0; 0
1; 1; 1; 0; 0
1; 1; 1; 0; 0
3; 2; 1; 57083; 38204
5; 3; 1; 57083; 37234
5; 3; 1; 11440; 8234
4; 2; 1; 11440; 8897
5; 3; 1; 11440; 8234
1; 1; 1; 0; 0
1; 1; 1; 0; 0
5; 2; 2; 30748; 22227
4; 3; 1; 32992; 21752
5; 3; 1; 32992; 21752
2; 2; 1; 0; 0
2; 2; 1; 8809; 6813
5; 2; 1; 8809; 6813
1; 1; 1; 0; 0
1; 1; 1; 0; 0
1; 1; 1; 0; 0
1; 1; 1; 0; 0
5; 2; 2; 45665; 32443
6; 3; 2; 53872; 34141
5; 3; 2; 12424; 11087
2; 2; 1; 6562; 5360
5; 3; 1; 10459; 8176
5; 3; 1; 22417; 15435
3; 2; 1; 22417; 15768
5; 3; 1; 10511; 7937
5; 2; 1; 10511; 9141
5; 2; 1; 7080; 5057
1; 1; 1; 0; 0
5; 2; 1; 14247; 9239
4; 2; 1; 13384; 8729
4; 2; 1; 13384; 8729
1; 1; 1; 0; 0
1; 1; 1; 0; 0
1; 1; 1; 0; 0
4; 3; 1; 30744; 22224
4; 2; 1; 30744; 23036
1; 1; 1; 0; 0
5; 2; 2; 11733; 10240
6; 3; 2; 20925; 18477
4; 3; 1; 12184; 10426
3; 4; 1; 12184; 8717
4; 4; 1; 12184; 8717
4; 3; 1; 12184; 10426
6; 3; 1; 21012; 14859
5; 2; 1; 21012; 15634
1; 1; 1; 0; 0
5; 2; 1; 8149; 6805
1; 1; 1; 0; 0
5; 2; 2; 18590; 13833
6; 3; 3; 30158; 24689
4; 4; 1; 20090; 14042
4; 3; 1; 20090; 14322
5; 2; 1; 4767; 3455
5; 1; 1; 7105; 5324
5; 2; 1; 3431; 3293
5; 2; 1; 3397; 2673
5; 2; 1; 3510; 3329
5; 2; 1; 6825; 5468
5; 2; 1; 5387; 3686
5; 2; 1; 2498; 2290
5; 2; 1; 16976; 10418
5; 2; 1; 10667; 7169
5; 2; 1; 24567; 16005
5; 2; 1; 2484; 2332
5; 2; 1; 7923; 5641
5; 2; 1; 9190; 7280
5; 2; 1; 15455; 10040
5; 2; 1; 24878; 18713
5; 2; 1; 8737; 7125
5; 2; 1; 10419; 7814
5; 2; 1; 20981; 14705
5; 2; 1; 4744; 4468
5; 2; 1; 14846; 11493
5; 2; 1; 3343; 3246
5; 2; 1; 4244; 3463
5; 2; 1; 2844; 2725
5; 2; 1; 8339; 7716
5; 2; 1; 18669; 14182
5; 2; 1; 9080; 7671
5; 2; 1; 13673; 10238
5; 2; 1; 17704; 12623
5; 2; 1; 6807; 4689
5; 2; 1; 8279; 5642
5; 2; 1; 2972; 2821
5; 2; 1; 12506; 9462
5; 2; 1; 3082; 2965
5; 2; 1; 3813; 3639
5; 2; 1; 10702; 7135
5; 2; 1; 11026; 7405
5; 2; 1; 6739; 5825
5; 2; 1; 7231; 5215
5; 2; 1; 5102; 4859
5; 2; 1; 10068; 6829
5; 2; 1; 2152; 2033
5; 2; 1; 13665; 10022
5; 2; 1; 6562; 6239
5; 2; 1; 18143; 12042
5; 2; 1; 8835; 5710
5; 2; 1; 1862; 1750
5; 2; 1; 7128; 6007
5; 2; 1; 2810; 2683
5; 2; 1; 13001; 9139
5; 2; 1; 5066; 3642
5; 2; 1; 4871; 4611
5; 2; 1; 8647; 7308
5; 2; 1; 14062; 9472
5; 2; 1; 4266; 3387
5; 2; 1; 4207; 3423
5; 2; 1; 10814; 8587
5; 2; 1; 19368; 13759
5; 2; 1; 3645; 3518
5; 2; 1; 8983; 6619
5; 2; 1; 14646; 10698
5; 2; 1; 25862; 16311
5; 2; 1; 6800; 5820
5; 2; 1; 12164; 8094
5; 2; 1; 6362; 4590
5; 2; 1; 1496; 1377
5; 2; 1; 4217; 3729
5; 2; 1; 6662; 4871
5; 2; 1; 12553; 9511
5; 2; 1; 8796; 6715
5; 2; 1; 8858; 6333
5; 2; 1; 2255; 2156
5; 2; 1; 3119; 2975
5; 2; 1; 14229; 9416
5; 2; 1; 6183; 5193
5; 2; 1; 6248; 5862
5; 2; 1; 10562; 7422
5; 2; 1; 8475; 5536
5; 2; 1; 10696; 8397
5; 2; 1; 5287; 4172
5; 2; 1; 20356; 14069
5; 2; 1; 11501; 8306
5; 2; 1; 3973; 3432
5; 2; 1; 6048; 4674
5; 2; 1; 5773; 3902
5; 2; 1; 5906; 4650
5; 2; 1; 10341; 6993
5; 2; 1; 2837; 2703
5; 2; 1; 9551; 9186
5; 2; 1; 10638; 7648
5; 2; 1; 4526; 3573
5; 2; 1; 12254; 9408
5; 2; 1; 8676; 5709
5; 2; 1; 4897; 4091
5; 2; 1; 4197; 3069
5; 2; 1; 4781; 4532
5; 2; 1; 9643; 7561
4; 1; 1; 1793; 896
4; 1; 1; 1793; 896
1; 1; 1; 0; 0
2; 2; 1; 11536; 7494
5; 2; 1; 11536; 7494
1; 1; 1; 0; 0
3; 3; 1; 27733; 19622
3; 2; 1; 27733; 22532
4; 3; 1; 27733; 19622
5; 3; 1; 27733; 19622
1; 1; 1; 0; 0
1; 1; 1; 0; 0
1; 1; 1; 0; 0
5; 2; 1; 20644; 13083
4; 2; 1; 27287; 19856
6; 3; 1; 27287; 18531
1; 1; 1; 0; 0
1; 1; 1; 0; 0
1; 1; 1; 0; 0
1; 1; 1; 0; 0
1; 1; 1; 0; 0
1; 1; 1; 0; 0
5; 2; 1; 20037; 13522
1; 1; 1; 0; 0
1; 1; 1; 0; 0
5; 2; 1; 22047; 13904
2; 2; 1; 22047; 13904
4; 2; 1; 22047; 13904
1; 1; 1; 0; 0
1; 1; 1; 0; 0
5; 2; 2; 21270; 15607
3; 3; 1; 49984; 40537
7; 4; 1; 26709; 20237
4; 4; 1; 26709; 20237
4; 4; 1; 26709; 20237
6; 4; 1; 23564; 16984
4; 3; 1; 23564; 18570
3; 4; 1; 23564; 16984
2; 4; 1; 23564; 16984
1; 1; 1; 0; 0
1; 1; 1; 0; 0
5; 2; 2; 15069; 13011
6; 3; 1; 37894; 31495
3; 3; 1; 21077; 18672
4; 4; 1; 21077; 16318
3; 3; 1; 37894; 31495
4; 3; 1; 41463; 28632
4; 3; 1; 41463; 28632
4; 2; 1; 41463; 30873
5; 2; 1; 10562; 6977
1; 1; 1; 0; 0
5; 2; 1; 18785; 12547
1; 1; 1; 0; 0
1; 1; 1; 0; 0
4; 2; 1; 23890; 15036
4; 2; 1; 23890; 15036
1; 1; 1; 0; 0
1; 1; 1; 0; 0
1; 1; 1; 0; 0
6; 3; 1; 43378; 28727
4; 2; 1; 43378; 29201
1; 1; 1; 0; 0
5; 3; 1; 8826; 6645
4; 2; 1; 8826; 6875
6; 3; 1; 8826; 6645
5; 2; 1; 7299; 5153
5; 2; 1; 7299; 5153
1; 1; 1; 0; 0
1; 1; 1; 0; 0
5; 2; 2; 15660; 11459
5; 3; 1; 18729; 13669
3; 2; 1; 3069; 2819
1; 1; 1; 0; 0
1; 1; 1; 0; 0
1; 1; 1; 0; 0
1; 1; 1; 0; 0
5; 2; 1; 23480; 14803
5; 2; 1; 16504; 10669
3; 2; 1; 16504; 10669
1; 1; 1; 0; 0
4; 2; 1; 29143; 17944
5; 2; 1; 29143; 17944
1; 1; 1; 0; 0
5; 2; 2; 20287; 13284
3; 2; 1; 1029; 548
5; 3; 1; 21869; 13832
1; 1; 1; 0; 0
1; 1; 1; 0; 0
5; 2; 1; 20423; 12106
1; 1; 1; 0; 0
5; 2; 2; 27270; 22457
4; 2; 1; 8237; 5527
4; 3; 1; 35507; 23545
5; 2; 1; 3916; 2966
5; 4; 1; 42801; 32415
2; 4; 1; 42801; 32415
4; 3; 1; 42801; 33144
4; 4; 1; 42801; 32415
4; 3; 1; 42801; 33144
1; 1; 1; 0; 0
5; 2; 1; 18379; 12085
4; 2; 1; 18379; 12085
4; 2; 1; 13254; 8160
5; 2; 1; 13254; 8160
4; 2; 1; 17031; 11557
4; 2; 1; 17031; 11557
5; 3; 1; 21363; 15539
5; 2; 1; 21363; 16857
1; 1; 1; 0; 0
1; 1; 1; 0; 0
1; 1; 1; 0; 0
3; 2; 1; 31553; 24334
6; 3; 1; 31553; 20815
5; 2; 1; 17364; 15080
4; 3; 1; 17364; 12506
3; 2; 1; 17364; 15080
4; 2; 1; 7191; 5932
4; 2; 1; 7191; 5932
3; 2; 1; 51731; 36425
6; 3; 1; 51731; 33580
1; 1; 1; 0; 0
3; 2; 1; 17388; 15199
4; 2; 1; 17388; 15199
3; 3; 1; 17388; 13409
4; 3; 1; 17388; 13409
5; 2; 1; 6550; 4769
3; 2; 1; 6550; 4769
4; 2; 1; 6550; 4769
5; 2; 1; 5251; 4048
2; 2; 1; 5251; 4048
1; 1; 1; 0; 0
5; 2; 2; 17645; 11211
5; 4; 2; 11462; 10384
5; 4; 2; 11462; 10384
5; 3; 3; 30288; 25920
6; 5; 1; 19969; 16733
3; 3; 1; 7892; 5582
4; 2; 1; 15104; 11945
5; 3; 1; 15104; 11331
6; 3; 1; 12262; 8673
3; 3; 1; 12262; 8673
5; 2; 1; 9408; 7192
5; 2; 2; 13516; 9262
5; 2; 1; 2570; 1999
3; 3; 1; 16577; 11172
5; 2; 1; 6837; 4842
5; 2; 2; 7814; 5355
6; 3; 1; 11439; 8298
2; 3; 1; 3264; 2596
5; 2; 2; 6969; 6594
6; 3; 1; 12957; 9732
5; 2; 1; 5241; 3601
5; 1; 1; 2349420; 2349420
5; 1; 1; 7105; 5324
5; 2; 1; 3431; 3293
5; 2; 1; 3397; 2673
5; 2; 1; 3510; 3329
5; 2; 1; 6825; 5468
5; 2; 1; 5387; 3686
5; 2; 1; 2498; 2290
5; 2; 1; 16976; 10418
5; 2; 1; 10667; 7169
5; 2; 1; 24567; 16005
5; 2; 1; 2484; 2332
5; 2; 1; 7923; 5641
5; 2; 1; 9190; 7280
5; 2; 1; 15455; 10040
5; 2; 1; 24878; 18713
5; 2; 1; 8737; 7125
5; 2; 1; 10419; 7814
5; 2; 1; 20981; 14705
5; 2; 1; 4744; 4468
5; 2; 1; 14846; 11493
5; 2; 1; 3343; 3246
5; 2; 1; 4244; 3463
5; 2; 1; 2844; 2725
5; 2; 1; 8339; 7716
5; 2; 1; 18669; 14182
5; 2; 1; 9080; 7671
5; 2; 1; 13673; 10238
5; 2; 1; 17704; 12623
5; 2; 1; 6807; 4689
5; 2; 1; 8279; 5642
5; 2; 1; 2972; 2821
5; 2; 1; 12506; 9462
5; 2; 1; 3082; 2965
5; 2; 1; 3813; 3639
5; 2; 1; 10702; 7135
5; 2; 1; 11026; 7405
5; 2; 1; 6739; 5825
5; 2; 1; 7231; 5215
5; 2; 1; 5102; 4859
5; 2; 1; 10068; 6829
5; 2; 1; 2152; 2033
5; 2; 1; 13665; 10022
5; 2; 1; 6562; 6239
5; 2; 1; 18143; 12042
5; 2; 1; 8835; 5710
5; 2; 1; 1862; 1750
5; 2; 1; 7128; 6007
5; 2; 1; 2810; 2683
5; 2; 1; 13001; 9139
5; 2; 1; 5066; 3642
5; 2; 1; 4871; 4611
5; 2; 1; 8647; 7308
5; 2; 1; 14062; 9472
5; 2; 1; 4266; 3387
5; 2; 1; 4207; 3423
5; 2; 1; 10814; 8587
5; 2; 1; 19368; 13759
5; 2; 1; 3645; 3518
5; 2; 1; 8983; 6619
5; 2; 1; 14646; 10698
5; 2; 1; 25862; 16311
5; 2; 1; 6800; 5820
5; 2; 1; 12164; 8094
5; 2; 1; 6362; 4590
5; 2; 1; 1496; 1377
5; 2; 1; 4217; 3729
5; 2; 1; 6662; 4871
5; 2; 1; 12553; 9511
5; 2; 1; 8796; 6715
5; 2; 1; 8858; 6333
5; 2; 1; 2255; 2156
5; 2; 1; 3119; 2975
5; 2; 1; 14229; 9416
5; 2; 1; 6183; 5193
5; 2; 1; 6248; 5862
5; 2; 1; 10562; 7422
5; 2; 1; 8475; 5536
5; 2; 1; 10696; 8397
5; 2; 1; 5287; 4172
5; 2; 1; 20356; 14069
5; 2; 1; 11501; 8306
5; 2; 1; 3973; 3432
5; 2; 1; 6048; 4674
5; 2; 1; 5773; 3902
5; 2; 1; 5906; 4650
5; 2; 1; 10341; 6993
5; 2; 1; 2837; 2703
5; 2; 1; 9551; 9186
5; 2; 1; 10638; 7648
5; 2; 1; 4526; 3573
5; 2; 1; 12254; 9408
5; 2; 1; 8676; 5709
5; 2; 1; 4897; 4091
5; 2; 1; 4197; 3069
5; 2; 1; 4781; 4532
5; 2; 1; 9643; 7561
1; 0; 0; 0; 0
1; 0; 0; 0; 0
5; 1; 1; 5787; 3196
2; 1; 1; 5787; 3196
3; 1; 1; 5787; 3196
1; 1; 1; 0; 0
1; 1; 1; 0; 0
5; 2; 1; 26463; 18951
6; 3; 1; 26463; 18501
1; 1; 1; 0; 0
5; 2; 1; 9080; 6218
1; 1; 1; 0; 0
4; 3; 1; 40435; 26960
4; 3; 1; 40435; 26960
3; 2; 1; 40435; 28857
1; 1; 1; 0; 0
1; 1; 1; 0; 0
5; 2; 1; 6260; 4254
1; 1; 1; 0; 0
5; 2; 2; 22744; 14910
6; 3; 1; 36549; 27923
5; 3; 1; 13446; 12082
3; 4; 1; 13087; 9677
5; 3; 1; 13446; 12082
5; 2; 1; 2900; 2361
1; 1; 1; 0; 0
3; 2; 1; 12177; 8415
4; 2; 1; 12177; 8415
3; 2; 1; 12177; 8415
4; 2; 2; 15977; 11742
3; 2; 2; 16783; 12548
4; 2; 1; 3314; 2618
6; 3; 1; 20097; 14231
3; 2; 1; 13657; 9327
5; 2; 1; 13657; 9327
1; 1; 1; 0; 0
1; 1; 1; 0; 0
1; 1; 1; 0; 0
5; 2; 2; 19149; 14987
6; 4; 1; 18661; 12726
5; 3; 1; 39714; 30409
4; 4; 1; 18661; 12726
2; 2; 1; 8255; 6316
5; 2; 1; 8255; 6316
4; 2; 1; 8255; 6316
5; 2; 1; 35545; 26322
4; 3; 1; 35545; 24751
5; 2; 1; 11510; 8151
4; 2; 1; 11510; 8151
5; 2; 1; 38755; 25170
6; 3; 1; 38755; 24632
5; 2; 2; 16772; 14563
6; 3; 2; 20926; 16276
3; 3; 1; 32192; 29278
5; 3; 1; 32192; 29278
4; 4; 1; 28126; 19770
3; 4; 1; 28126; 19770
4; 3; 1; 28126; 21869
5; 2; 1; 9193; 6229
4; 2; 1; 9193; 6229
5; 2; 2; 15379; 11938
2; 2; 1; 0; 0
6; 3; 1; 17201; 12841
4; 3; 1; 20701; 14963
3; 2; 1; 20701; 15331
5; 2; 1; 20701; 15331
1; 1; 1; 0; 0
1; 1; 1; 0; 0
1; 1; 1; 0; 0
4; 2; 1; 30933; 24007
3; 3; 1; 30933; 20961
4; 2; 1; 30933; 24007
4; 2; 1; 5741; 4279
3; 2; 1; 5741; 4279
4; 2; 1; 5741; 4279
1; 1; 1; 0; 0
5; 2; 1; 11067; 7204
1; 1; 1; 0; 0
1; 1; 1; 0; 0
5; 2; 2; 32423; 22592
3; 2; 1; 3550; 1872
5; 3; 1; 37259; 23901
5; 2; 1; 17349; 10895
5; 2; 2; 15270; 10077
3; 3; 1; 6773; 4503
6; 3; 1; 22237; 16535
5; 2; 1; 20172; 15235
5; 3; 1; 20172; 14148
1; 1; 1; 0; 0
1; 1; 1; 0; 0
4; 2; 1; 16980; 12347
3; 2; 1; 16980; 12347
1; 1; 1; 0; 0
1; 1; 1; 0; 0
1; 1; 1; 0; 0
6; 3; 1; 42438; 29734
4; 2; 1; 42438; 30512
5; 2; 1; 4373; 2800
1; 1; 1; 0; 0
4; 2; 1; 27469; 21480
5; 3; 1; 27469; 20063
1; 1; 1; 0; 0
5; 2; 2; 14823; 11819
6; 3; 1; 17616; 12504
2; 2; 1; 2793; 1736
5; 2; 1; 23399; 17863
4; 2; 1; 23399; 17863
3; 3; 1; 23399; 16571
1; 1; 1; 0; 0
3; 2; 1; 7478; 5270
4; 2; 1; 7478; 5270
5; 2; 1; 11914; 9430
1; 1; 1; 0; 0
5; 2; 1; 26324; 16954
4; 2; 1; 18747; 11622
5; 2; 1; 18747; 11622
5; 3; 1; 21594; 15295
4; 3; 1; 21594; 15295
3; 2; 1; 21594; 17192
2; 2; 1; 14191; 9920
2; 2; 1; 14191; 9920
5; 2; 1; 14191; 9920
3; 2; 1; 21497; 14893
6; 3; 1; 21497; 14750
1; 1; 1; 0; 0
3; 2; 1; 7359; 5807
5; 2; 1; 7359; 5807
1; 1; 1; 0; 0
1; 1; 1; 0; 0
5; 2; 1; 21870; 13874
5; 2; 2; 22023; 16932
6; 3; 1; 24147; 16691
2; 2; 1; 2124; 1166
1; 1; 1; 0; 0
4; 3; 1; 14263; 9914
5; 2; 1; 14263; 10297
1; 1; 1; 0; 0
5; 2; 2; 9635; 8377
6; 3; 1; 13220; 10242
3; 2; 1; 3585; 2706
5; 2; 1; 5920; 4235
5; 2; 1; 5920; 4235
1; 1; 1; 0; 0
1; 1; 1; 0; 0
6; 3; 1; 31195; 22585
2; 2; 1; 31195; 23566
5; 2; 1; 5552; 3605
1; 1; 1; 0; 0
6; 3; 1; 29660; 20439
2; 2; 1; 29660; 21618
5; 2; 1; 1943; 1823
5; 2; 1; 3256; 2644
5; 1; 1; 7105; 5324
5; 2; 1; 3431; 3293
5; 2; 1; 3397; 2673
5; 2; 1; 3510; 3329
5; 2; 1; 6825; 5468
5; 2; 1; 5387; 3686
5; 2; 1; 2498; 2290
5; 2; 1; 16976; 10418
5; 2; 1; 10667; 7169
5; 2; 1; 24567; 16005
5; 2; 1; 2484; 2332
5; 2; 1; 7923; 5641
5; 2; 1; 9190; 7280
5; 2; 1; 15455; 10040
5; 2; 1; 24878; 18713
5; 2; 1; 8737; 7125
5; 2; 1; 10419; 7814
5; 2; 1; 20981; 14705
5; 2; 1; 4744; 4468
5; 2; 1; 14846; 11493
5; 2; 1; 3343; 3246
5; 2; 1; 4244; 3463
5; 2; 1; 2844; 2725
5; 2; 1; 8339; 7716
5; 2; 1; 18669; 14182
5; 2; 1; 9080; 7671
5; 2; 1; 13673; 10238
5; 2; 1; 17704; 12623
5; 2; 1; 6807; 4689
5; 2; 1; 8279; 5642
5; 2; 1; 2972; 2821
5; 2; 1; 12506; 9462
5; 2; 1; 3082; 2965
5; 2; 1; 3813; 3639
5; 2; 1; 10702; 7135
5; 2; 1; 11026; 7405
5; 2; 1; 6739; 5825
5; 2; 1; 7231; 5215
5; 2; 1; 5102; 4859
5; 2; 1; 10068; 6829
5; 2; 1; 2152; 2033
5; 2; 1; 13665; 10022
5; 2; 1; 6562; 6239
5; 2; 1; 18143; 12042
5; 2; 1; 8835; 5710
5; 2; 1; 1862; 1750
5; 2; 1; 7128; 6007
5; 2; 1; 2810; 2683
5; 2; 1; 13001; 9139
5; 2; 1; 5066; 3642
5; 2; 1; 4871; 4611
5; 2; 1; 8647; 7308
5; 2; 1; 14062; 9472
5; 2; 1; 4266; 3387
5; 2; 1; 4207; 3423
5; 2; 1; 10814; 8587
5; 2; 1; 19368; 13759
5; 2; 1; 3645; 3518
5; 2; 1; 8983; 6619
5; 2; 1; 14646; 10698
5; 2; 1; 25862; 16311
5; 2; 1; 6800; 5820
5; 2; 1; 12164; 8094
5; 2; 1; 6362; 4590
5; 2; 1; 1496; 1377
5; 2; 1; 4217; 3729
5; 2; 1; 6662; 4871
5; 2; 1; 12553; 9511
5; 2; 1; 8796; 6715
5; 2; 1; 8858; 6333
5; 2; 1; 2255; 2156
5; 2; 1; 3119; 2975
5; 2; 1; 14229; 9416
5; 2; 1; 6183; 5193
5; 2; 1; 6248; 5862
5; 2; 1; 10562; 7422
5; 2; 1; 8475; 5536
5; 2; 1; 10696; 8397
5; 2; 1; 5287; 4172
5; 2; 1; 20356; 14069
5; 2; 1; 11501; 8306
5; 2; 1; 3973; 3432
5; 2; 1; 6048; 4674
5; 2; 1; 5773; 3902
5; 2; 1; 5906; 4650
5; 2; 1; 10341; 6993
5; 2; 1; 2837; 2703
5; 2; 1; 9551; 9186
5; 2; 1; 10638; 7648
5; 2; 1; 4526; 3573
5; 2; 1; 12254; 9408
5; 2; 1; 8676; 5709
5; 2; 1; 4897; 4091
5; 2; 1; 4197; 3069
5; 2; 1; 4781; 4532
5; 2; 1; 9643; 7561
4; 1; 1; 8987; 8333
6; 2; 1; 8987; 5738
6; 2; 1; 8987; 5738
1; 1; 1; 0; 0
3; 2; 1; 8192; 5606
4; 2; 1; 8192; 5606
1; 1; 1; 0; 0
1; 1; 1; 0; 0
5; 2; 2; 22645; 16203
6; 3; 2; 28333; 20216
5; 3; 2; 7050; 9330
4; 3; 2; 20439; 13927
3; 3; 2; 26428; 21259
4; 3; 2; 32210; 30106
4; 3; 1; 10851; 6669
5; 3; 1; 10851; 6669
5; 4; 1; 31836; 24591
1; 1; 1; 0; 0
4; 2; 1; 26204; 20885
5; 2; 1; 26204; 20885
3; 3; 1; 26204; 17996
4; 2; 1; 3906; 3348
3; 2; 1; 3906; 3348
1; 1; 1; 0; 0
1; 1; 1; 0; 0
5; 3; 1; 24827; 17158
4; 2; 1; 24827; 18327
1; 1; 1; 0; 0
1; 1; 1; 0; 0
1; 1; 1; 0; 0
1; 1; 1; 0; 0
5; 2; 1; 26652; 19254
4; 3; 1; 26652; 18541
3; 3; 1; 18293; 13489
4; 3; 1; 18293; 13489
4; 3; 1; 18293; 13489
5; 2; 1; 18293; 15519
1; 1; 1; 0; 0
1; 1; 1; 0; 0
1; 1; 1; 0; 0
1; 1; 1; 0; 0
3; 2; 1; 23856; 15477
5; 2; 1; 23856; 15477
1; 1; 1; 0; 0
1; 1; 1; 0; 0
5; 2; 1; 22418; 14422
3; 2; 1; 22418; 14422
5; 2; 2; 37254; 25536
6; 3; 2; 45031; 32574
5; 3; 2; 24858; 22997
4; 4; 2; 25201; 19193
6; 4; 2; 26681; 20673
5; 3; 3; 20032; 20304
4; 3; 2; 48190; 47032
3; 3; 2; 39101; 35973
5; 4; 2; 39101; 33129
5; 4; 2; 33752; 27539
4; 4; 2; 43803; 37885
3; 3; 1; 14628; 9711
4; 3; 1; 25327; 18530
5; 3; 1; 14628; 9711
2; 2; 1; 7240; 3795
5; 2; 2; 12343; 9898
3; 4; 1; 20239; 14848
6; 3; 1; 32906; 29550
5; 4; 1; 20239; 14848
6; 4; 1; 20239; 14848
1; 1; 1; 0; 0
3; 2; 2; 23349; 19127
3; 2; 2; 23349; 19127
4; 2; 2; 25742; 21520
4; 2; 3; 10697; 11689
5; 3; 2; 43996; 35145
4; 4; 2; 18725; 17139
3; 2; 3; 14101; 14912
5; 4; 4; 26764; 23291
5; 2; 2; 14996; 10320
4; 4; 2; 8538; 10159
5; 3; 4; 21503; 24112
4; 4; 4; 16494; 21311
3; 4; 1; 25573; 17445
5; 3; 1; 31691; 26501
3; 4; 1; 25573; 17445
6; 3; 1; 6506; 4810
5; 2; 1; 6506; 5080
5; 2; 1; 2230; 2031
4; 2; 1; 12793; 9978
5; 3; 1; 12793; 9510
1; 1; 1; 0; 0
5; 2; 2; 21612; 13175
2; 2; 1; 0; 0
6; 3; 1; 22436; 13724
1; 1; 1; 0; 0
5; 2; 2; 16847; 11817
4; 2; 1; 1976; 1130
6; 3; 1; 20029; 13531
1; 1; 1; 0; 0
1; 1; 1; 0; 0
4; 2; 1; 40979; 27357
6; 3; 1; 40979; 26751
4; 2; 1; 7842; 5356
3; 2; 1; 7842; 5356
3; 2; 1; 7842; 5356
1; 1; 1; 0; 0
4; 2; 1; 15176; 10007
4; 2; 1; 15176; 10007
5; 2; 1; 21281; 14598
4; 2; 1; 21281; 14598
1; 1; 1; 0; 0
5; 2; 1; 28963; 18543
2; 2; 1; 28963; 18543
4; 2; 1; 36111; 27281
5; 3; 1; 36111; 23794
5; 2; 2; 4705; 4750
4; 2; 1; 2756; 2301
5; 3; 1; 7461; 6312
1; 1; 1; 0; 0
5; 2; 2; 18308; 16003
4; 3; 1; 22844; 16260
2; 2; 1; 2696; 868
6; 3; 1; 22844; 16260
5; 2; 2; 14946; 10963
3; 2; 1; 4780; 3646
6; 3; 1; 19726; 13454
1; 1; 1; 0; 0
5; 2; 2; 27642; 19585
6; 3; 1; 31652; 21898
3; 2; 1; 3117; 2396
1; 1; 1; 0; 0
3; 2; 1; 14973; 9784
5; 2; 1; 14973; 9784
3; 2; 1; 14973; 9784
1; 1; 1; 0; 0
5; 2; 1; 31530; 22784
4; 3; 1; 31530; 22142
1; 1; 1; 0; 0
1; 1; 1; 0; 0
1; 1; 1; 0; 0
6; 3; 1; 23321; 16637
2; 2; 1; 23321; 16945
5; 2; 1; 6673; 4875
1; 1; 1; 0; 0
2; 2; 1; 25203; 15615
5; 2; 1; 25203; 15615
5; 2; 1; 15446; 11221
4; 3; 1; 15446; 10939
6; 3; 1; 6846; 5329
2; 2; 1; 6846; 5707
5; 2; 1; 9593; 5813
5; 2; 1; 1584; 1402
5; 2; 1; 6175; 4359
5; 2; 1; 1979; 1628
5; 1; 1; 2349420; 2349420
5; 1; 1; 7105; 5324
5; 2; 1; 3431; 3293
5; 2; 1; 3397; 2673
5; 2; 1; 3510; 3329
5; 2; 1; 6825; 5468
5; 2; 1; 5387; 3686
5; 2; 1; 2498; 2290
5; 2; 1; 16976; 10418
5; 2; 1; 10667; 7169
5; 2; 1; 24567; 16005
5; 2; 1; 2484; 2332
5; 2; 1; 7923; 5641
5; 2; 1; 9190; 7280
5; 2; 1; 15455; 10040
5; 2; 1; 24878; 18713
5; 2; 1; 8737; 7125
5; 2; 1; 10419; 7814
5; 2; 1; 20981; 14705
5; 2; 1; 4744; 4468
5; 2; 1; 14846; 11493
5; 2; 1; 3343; 3246
5; 2; 1; 4244; 3463
5; 2; 1; 2844; 2725
5; 2; 1; 8339; 7716
5; 2; 1; 18669; 14182
5; 2; 1; 9080; 7671
5; 2; 1; 13673; 10238
5; 2; 1; 17704; 12623
5; 2; 1; 6807; 4689
5; 2; 1; 8279; 5642
5; 2; 1; 2972; 2821
5; 2; 1; 12506; 9462
5; 2; 1; 3082; 2965
5; 2; 1; 3813; 3639
5; 2; 1; 10702; 7135
5; 2; 1; 11026; 7405
5; 2; 1; 6739; 5825
5; 2; 1; 7231; 5215
5; 2; 1; 5102; 4859
5; 2; 1; 10068; 6829
5; 2; 1; 2152; 2033
5; 2; 1; 13665; 10022
5; 2; 1; 6562; 6239
5; 2; 1; 18143; 12042
5; 2; 1; 8835; 5710
5; 2; 1; 1862; 1750
5; 2; 1; 7128; 6007
5; 2; 1; 2810; 2683
5; 2; 1; 13001; 9139
5; 2; 1; 5066; 3642
5; 2; 1; 4871; 4611
5; 2; 1; 8647; 7308
5; 2; 1; 14062; 9472
5; 2; 1; 4266; 3387
5; 2; 1; 4207; 3423
5; 2; 1; 10814; 8587
5; 2; 1; 19368; 13759
5; 2; 1; 3645; 3518
5; 2; 1; 8983; 6619
5; 2; 1; 14646; 10698
5; 2; 1; 25862; 16311
5; 2; 1; 6800; 5820
5; 2; 1; 12164; 8094
5; 2; 1; 6362; 4590
5; 2; 1; 1496; 1377
5; 2; 1; 4217; 3729
5; 2; 1; 6662; 4871
5; 2; 1; 12553; 9511
5; 2; 1; 8796; 6715
5; 2; 1; 8858; 6333
5; 2; 1; 2255; 2156
5; 2; 1; 3119; 2975
5; 2; 1; 14229; 9416
5; 2; 1; 6183; 5193
5; 2; 1; 6248; 5862
5; 2; 1; 10562; 7422
5; 2; 1; 8475; 5536
5; 2; 1; 10696; 8397
5; 2; 1; 5287; 4172
5; 2; 1; 20356; 14069
5; 2; 1; 11501; 8306
5; 2; 1; 3973; 3432
5; 2; 1; 6048; 4674
5; 2; 1; 5773; 3902
5; 2; 1; 5906; 4650
5; 2; 1; 10341; 6993
5; 2; 1; 2837; 2703
5; 2; 1; 9551; 9186
5; 2; 1; 10638; 7648
5; 2; 1; 4526; 3573
5; 2; 1; 12254; 9408
5; 2; 1; 8676; 5709
5; 2; 1; 4897; 4091
5; 2; 1; 4197; 3069
5; 2; 1; 4781; 4532
5; 2; 1; 9643; 7561
5; 1; 1; 7105; 5324
5; 2; 1; 3431; 3293
5; 2; 1; 3397; 2673
5; 2; 1; 3510; 3329
5; 2; 1; 6825; 5468
5; 2; 1; 5387; 3686
5; 2; 1; 2498; 2290
5; 2; 1; 16976; 10418
5; 2; 1; 10667; 7169
5; 2; 1; 24567; 16005
5; 2; 1; 2484; 2332
5; 2; 1; 7923; 5641
5; 2; 1; 9190; 7280
5; 2; 1; 15455; 10040
5; 2; 1; 24878; 18713
5; 2; 1; 8737; 7125
5; 2; 1; 10419; 7814
5; 2; 1; 20981; 14705
5; 2; 1; 4744; 4468
5; 2; 1; 14846; 11493
5; 2; 1; 3343; 3246
5; 2; 1; 4244; 3463
5; 2; 1; 2844; 2725
5; 2; 1; 8339; 7716
5; 2; 1; 18669; 14182
5; 2; 1; 9080; 7671
5; 2; 1; 13673; 10238
5; 2; 1; 17704; 12623
5; 2; 1; 6807; 4689
5; 2; 1; 8279; 5642
5; 2; 1; 2972; 2821
5; 2; 1; 12506; 9462
5; 2; 1; 3082; 2965
5; 2; 1; 3813; 3639
5; 2; 1; 10702; 7135
5; 2; 1; 11026; 7405
5; 2; 1; 6739; 5825
5; 2; 1; 7231; 5215
5; 2; 1; 5102; 4859
5; 2; 1; 10068; 6829
5; 2; 1; 2152; 2033
5; 2; 1; 13665; 10022
5; 2; 1; 6562; 6239
5; 2; 1; 18143; 12042
5; 2; 1; 8835; 5710
5; 2; 1; 1862; 1750
5; 2; 1; 7128; 6007
5; 2; 1; 2810; 2683
5; 2; 1; 13001; 9139
5; 2; 1; 5066; 3642
5; 2; 1; 4871; 4611
5; 2; 1; 8647; 7308
5; 2; 1; 14062; 9472
5; 2; 1; 4266; 3387
5; 2; 1; 4207; 3423
5; 2; 1; 10814; 8587
5; 2; 1; 19368; 13759
5; 2; 1; 3645; 3518
5; 2; 1; 8983; 6619
5; 2; 1; 14646; 10698
5; 2; 1; 25862; 16311
5; 2; 1; 6800; 5820
5; 2; 1; 12164; 8094
5; 2; 1; 6362; 4590
5; 2; 1; 1496; 1377
5; 2; 1; 4217; 3729
5; 2; 1; 6662; 4871
5; 2; 1; 12553; 9511
5; 2; 1; 8796; 6715
5; 2; 1; 8858; 6333
5; 2; 1; 2255; 2156
5; 2; 1; 3119; 2975
5; 2; 1; 14229; 9416
5; 2; 1; 6183; 5193
5; 2; 1; 6248; 5862
5; 2; 1; 10562; 7422
5; 2; 1; 8475; 5536
5; 2; 1; 10696; 8397
5; 2; 1; 5287; 4172
5; 2; 1; 20356; 14069
5; 2; 1; 11501; 8306
5; 2; 1; 3973; 3432
5; 2; 1; 6048; 4674
5; 2; 1; 5773; 3902
5; 2; 1; 5906; 4650
5; 2; 1; 10341; 6993
5; 2; 1; 2837; 2703
5; 2; 1; 9551; 9186
5; 2; 1; 10638; 7648
5; 2; 1; 4526; 3573
5; 2; 1; 12254; 9408
5; 2; 1; 8676; 5709
5; 2; 1; 4897; 4091
5; 2; 1; 4197; 3069
5; 2; 1; 4781; 4532
5; 2; 1; 9643; 7561
1; 0; 0; 0; 0
5; 1; 2; 9997; 9271
4; 1; 3; 13445; 16663
4; 2; 2; 18685; 17190
4; 3; 1; 30518; 23030
5; 2; 1; 52019; 47510
6; 4; 1; 40660; 33926
5; 4; 1; 30518; 22072
4; 3; 1; 40660; 35803
5; 2; 2; 5805; 4252
5; 2; 1; 1570; 1373
5; 3; 1; 7375; 5364
6; 3; 1; 11790; 8957
4; 2; 1; 11790; 9555
3; 2; 1; 11790; 9555
5; 2; 2; 16827; 13269
6; 3; 2; 35770; 31025
5; 3; 2; 20707; 19204
5; 4; 2; 20707; 17295
3; 3; 2; 20707; 19204
5; 2; 1; 2317; 1998
5; 2; 1; 13417; 8800
3; 2; 1; 13417; 8800
6; 3; 1; 28300; 19243
5; 2; 1; 28300; 22882
1; 1; 1; 0; 0
1; 1; 1; 0; 0
1; 1; 1; 0; 0
4; 2; 1; 16999; 14330
4; 3; 1; 16999; 12711
3; 3; 1; 16999; 12711
1; 1; 1; 0; 0
1; 1; 1; 0; 0
5; 2; 1; 30195; 23507
4; 3; 1; 30195; 21134
6; 3; 1; 30195; 21134
1; 1; 1; 0; 0
1; 1; 1; 0; 0
1; 1; 1; 0; 0
3; 2; 1; 43532; 31594
4; 3; 1; 43532; 29151
6; 3; 1; 43532; 29151
1; 1; 1; 0; 0
1; 1; 1; 0; 0
1; 1; 1; 0; 0
5; 2; 2; 21812; 17478
6; 3; 2; 29630; 23375
4; 3; 1; 11989; 7893
4; 2; 1; 5495; 3952
5; 2; 1; 17223; 11261
1; 1; 1; 0; 0
5; 2; 2; 32968; 22594
4; 3; 1; 6837; 5246
4; 3; 1; 6837; 5246
6; 3; 1; 40793; 28214
1; 1; 1; 0; 0
1; 1; 1; 0; 0
5; 2; 1; 49262; 34522
5; 3; 1; 49262; 33005
1; 1; 1; 0; 0
1; 1; 1; 0; 0
1; 1; 1; 0; 0
5; 2; 2; 15668; 12658
6; 3; 1; 20542; 15113
4; 2; 1; 3631; 2823
1; 1; 1; 0; 0
5; 2; 2; 13844; 10217
3; 2; 1; 2465; 1771
5; 3; 1; 16947; 11867
5; 2; 2; 22612; 18923
5; 3; 1; 27065; 18761
2; 2; 1; 4453; 2517
3; 3; 1; 27065; 18761
5; 2; 1; 13086; 11347
5; 3; 1; 13086; 9527
4; 3; 1; 13086; 9527
5; 2; 1; 5234; 3913
4; 2; 1; 5234; 3913
1; 1; 1; 0; 0
4; 3; 1; 32558; 21738
5; 2; 1; 32558; 22185
1; 1; 1; 0; 0
5; 2; 1; 10830; 6604
1; 1; 1; 0; 0
1; 1; 1; 0; 0
5; 2; 1; 18684; 11789
5; 2; 1; 16358; 10432
1; 1; 1; 0; 0
4; 2; 1; 35167; 26199
4; 3; 1; 35167; 23945
4; 2; 1; 35167; 26199
4; 3; 1; 18897; 13239
2; 3; 1; 18897; 13239
5; 2; 1; 18897; 13972
6; 3; 1; 23734; 16699
5; 2; 1; 23734; 19493
4; 2; 1; 23734; 19493
3; 2; 1; 10574; 9774
6; 3; 1; 10574; 7789
1; 1; 1; 0; 0
5; 2; 2; 17018; 12904
2; 2; 1; 2380; 1832
6; 3; 1; 19398; 13829
1; 1; 1; 0; 0
1; 1; 1; 0; 0
1; 1; 1; 0; 0
5; 3; 1; 43876; 30266
5; 2; 1; 43876; 32049
4; 2; 1; 9436; 6611
5; 2; 1; 9436; 6611
1; 1; 1; 0; 0
5; 3; 1; 14911; 11782
4; 2; 1; 14911; 12591
3; 2; 1; 14911; 12591
5; 2; 1; 22814; 14711
6; 3; 2; 39947; 33306
7; 4; 2; 43791; 35095
5; 4; 2; 43791; 35095
5; 2; 1; 9244; 6525
1; 1; 1; 0; 0
1; 1; 1; 0; 0
1; 1; 1; 0; 0
3; 4; 1; 52918; 37638
3; 3; 1; 52918; 38194
6; 3; 1; 52918; 38194
1; 1; 1; 0; 0
1; 1; 1; 0; 0
3; 2; 1; 17023; 14932
5; 3; 1; 17023; 12763
4; 3; 1; 17023; 12763
1; 1; 1; 0; 0
1; 1; 1; 0; 0
4; 3; 1; 21334; 15093
3; 3; 1; 21334; 15093
4; 2; 1; 21334; 17952
4; 3; 1; 21334; 15093
1; 1; 1; 0; 0
5; 2; 1; 8393; 5565
1; 1; 1; 0; 0
1; 1; 1; 0; 0
4; 2; 1; 15905; 9959
4; 2; 1; 15905; 9959
1; 1; 1; 0; 0
2; 2; 1; 23697; 15217
5; 2; 1; 23697; 15217
6; 3; 1; 23119; 15812
5; 2; 1; 23119; 17304
5; 2; 1; 3382; 3067
5; 2; 1; 6155; 3958
5; 2; 1; 5585; 3767
5; 2; 1; 6376; 4489
5; 2; 1; 2022; 1671
5; 1; 1; 7105; 5324
5; 2; 1; 3431; 3293
5; 2; 1; 3397; 2673
5; 2; 1; 3510; 3329
5; 2; 1; 6825; 5468
5; 2; 1; 5387; 3686
5; 2; 1; 2498; 2290
5; 2; 1; 16976; 10418
5; 2; 1; 10667; 7169
5; 2; 1; 24567; 16005
5; 2; 1; 2484; 2332
5; 2; 1; 7923; 5641
5; 2; 1; 9190; 7280
5; 2; 1; 15455; 10040
5; 2; 1; 24878; 18713
5; 2; 1; 8737; 7125
5; 2; 1; 10419; 7814
5; 2; 1; 20981; 14705
5; 2; 1; 4744; 4468
5; 2; 1; 14846; 11493
5; 2; 1; 3343; 3246
5; 2; 1; 4244; 3463
5; 2; 1; 2844; 2725
5; 2; 1; 8339; 7716
5; 2; 1; 18669; 14182
5; 2; 1; 9080; 7671
5; 2; 1; 13673; 10238
5; 2; 1; 17704; 12623
5; 2; 1; 6807; 4689
5; 2; 1; 8279; 5642
5; 2; 1; 2972; 2821
5; 2; 1; 12506; 9462
5; 2; 1; 3082; 2965
5; 2; 1; 3813; 3639
5; 2; 1; 10702; 7135
5; 2; 1; 11026; 7405
5; 2; 1; 6739; 5825
5; 2; 1; 7231; 5215
5; 2; 1; 5102; 4859
5; 2; 1; 10068; 6829
5; 2; 1; 2152; 2033
5; 2; 1; 13665; 10022
5; 2; 1; 6562; 6239
5; 2; 1; 18143; 12042
5; 2; 1; 8835; 5710
5; 2; 1; 1862; 1750
5; 2; 1; 7128; 6007
5; 2; 1; 2810; 2683
5; 2; 1; 13001; 9139
5; 2; 1; 5066; 3642
5; 2; 1; 4871; 4611
5; 2; 1; 8647; 7308
5; 2; 1; 14062; 9472
5; 2; 1; 4266; 3387
5; 2; 1; 4207; 3423
5; 2; 1; 10814; 8587
5; 2; 1; 19368; 13759
5; 2; 1; 3645; 3518
5; 2; 1; 8983; 6619
5; 2; 1; 14646; 10698
5; 2; 1; 25862; 16311
5; 2; 1; 6800; 5820
5; 2; 1; 12164; 8094
5; 2; 1; 6362; 4590
5; 2; 1; 1496; 1377
5; 2; 1; 4217; 3729
5; 2; 1; 6662; 4871
5; 2; 1; 12553; 9511
5; 2; 1; 8796; 6715
5; 2; 1; 8858; 6333
5; 2; 1; 2255; 2156
5; 2; 1; 3119; 2975
5; 2; 1; 14229; 9416
5; 2; 1; 6183; 5193
5; 2; 1; 6248; 5862
5; 2; 1; 10562; 7422
5; 2; 1; 8475; 5536
5; 2; 1; 10696; 8397
5; 2; 1; 5287; 4172
5; 2; 1; 20356; 14069
5; 2; 1; 11501; 8306
5; 2; 1; 3973; 3432
5; 2; 1; 6048; 4674
5; 2; 1; 5773; 3902
5; 2; 1; 5906; 4650
5; 2; 1; 10341; 6993
5; 2; 1; 2837; 2703
5; 2; 1; 9551; 9186
5; 2; 1; 10638; 7648
5; 2; 1; 4526; 3573
5; 2; 1; 12254; 9408
5; 2; 1; 8676; 5709
5; 2; 1; 4897; 4091
5; 2; 1; 4197; 3069
5; 2; 1; 4781; 4532
5; 2; 1; 9643; 7561
1; 0; 0; 0; 0
1; 0; 0; 0; 0
3; 1; 1; 6873; 4040
4; 1; 1; 6873; 4040
3; 1; 1; 6873; 4040
4; 3; 1; 26758; 19258
4; 2; 1; 26758; 21666
3; 2; 1; 26758; 21666
3; 2; 1; 26758; 21666
5; 2; 1; 6339; 4646
5; 2; 1; 10342; 6563
1; 1; 1; 0; 0
4; 2; 1; 33767; 24144
3; 3; 1; 33767; 22945
3; 2; 1; 33767; 24144
3; 3; 1; 33767; 22945
1; 1; 1; 0; 0
1; 1; 1; 0; 0
3; 2; 1; 16981; 10748
4; 2; 1; 16981; 10748
4; 2; 1; 24021; 19100
4; 3; 1; 24021; 16521
4; 3; 1; 11364; 8839
2; 2; 1; 11364; 10533
3; 2; 1; 11364; 10533
3; 2; 1; 11364; 10533
4; 2; 1; 11364; 10533
1; 1; 1; 0; 0
6; 3; 1; 19430; 14206
3; 2; 1; 19430; 17142
5; 3; 1; 7169; 5150
4; 2; 1; 7169; 5326
6; 4; 1; 20969; 16056
6; 3; 1; 20969; 16801
5; 3; 1; 20969; 16801
1; 1; 1; 0; 0
1; 1; 1; 0; 0
1; 1; 1; 0; 0
3; 2; 1; 42699; 33414
5; 3; 1; 42699; 28502
1; 1; 1; 0; 0
6; 3; 1; 14307; 11488
5; 2; 1; 14307; 12830
5; 2; 2; 10059; 7447
3; 2; 1; 2658; 2402
5; 3; 1; 12717; 9434
5; 2; 1; 11288; 7825
3; 2; 1; 29329; 18450
4; 2; 1; 29329; 18450
5; 2; 1; 15488; 10011
1; 1; 1; 0; 0
5; 2; 1; 33769; 25074
4; 3; 1; 33769; 24130
1; 1; 1; 0; 0
5; 2; 2; 18874; 15679
6; 3; 3; 27256; 22089
2; 3; 1; 6305; 4860
4; 4; 1; 13475; 10086
5; 3; 1; 15027; 13734
5; 2; 2; 16170; 11737
4; 3; 1; 18946; 13536
4; 2; 1; 2379; 1799
5; 2; 1; 9060; 6607
4; 2; 1; 9060; 6607
5; 3; 1; 17307; 12860
3; 3; 1; 17307; 12860
5; 2; 1; 17307; 14312
5; 2; 1; 12538; 10405
5; 3; 1; 12538; 9441
5; 3; 1; 16349; 11592
4; 2; 1; 16349; 14356
4; 3; 1; 16349; 11592
3; 3; 1; 21540; 15307
4; 3; 1; 21540; 15307
5; 2; 1; 21540; 17769
3; 3; 1; 9962; 6796
4; 2; 1; 9962; 8619
1; 1; 1; 0; 0
1; 1; 1; 0; 0
1; 1; 1; 0; 0
1; 1; 1; 0; 0
4; 2; 1; 38622; 26526
6; 3; 1; 38622; 23941
1; 1; 1; 0; 0
7; 4; 1; 57089; 39523
6; 4; 1; 57089; 39523
3; 3; 1; 57089; 42035
6; 4; 1; 57089; 39523
1; 1; 1; 0; 0
1; 1; 1; 0; 0
5; 2; 2; 28204; 20025
3; 3; 1; 35581; 22884
5; 2; 1; 7377; 5235
1; 1; 1; 0; 0
1; 1; 1; 0; 0
5; 3; 1; 23190; 15827
4; 2; 1; 23190; 17425
5; 2; 2; 19110; 16691
6; 3; 4; 23664; 20611
5; 4; 2; 33605; 28863
5; 5; 3; 33901; 29120
4; 3; 3; 26317; 22765
5; 4; 4; 26941; 23742
5; 5; 4; 43955; 42777
4; 4; 2; 27565; 24438
4; 5; 2; 27565; 24058
3; 4; 2; 33898; 33626
5; 3; 2; 39606; 42665
5; 4; 2; 41609; 40618
4; 3; 2; 25711; 20485
3; 2; 3; 16237; 22171
5; 2; 3; 20550; 24500
5; 2; 2; 31378; 25665
7; 4; 1; 39733; 30384
4; 4; 1; 19277; 13519
4; 5; 1; 39733; 30072
4; 3; 1; 53086; 41100
3; 3; 1; 19277; 14620
1; 1; 1; 0; 0
1; 1; 1; 0; 0
1; 1; 1; 0; 0
1; 1; 1; 0; 0
5; 2; 1; 60557; 42433
5; 3; 1; 60557; 40455
5; 2; 1; 11358; 9965
4; 3; 1; 11358; 8625
2; 2; 1; 11358; 9965
4; 2; 1; 13867; 11500
6; 3; 1; 13867; 9925
1; 1; 1; 0; 0
5; 2; 1; 4771; 3580
5; 2; 2; 19680; 14879
2; 2; 2; 19680; 14879
6; 3; 1; 34274; 25777
4; 4; 1; 13251; 9026
5; 3; 1; 13251; 9644
3; 2; 1; 7719; 6872
6; 3; 1; 7719; 5911
3; 3; 1; 7719; 5911
5; 3; 1; 9303; 7456
4; 2; 1; 9303; 9224
5; 2; 2; 19547; 14302
6; 3; 3; 24196; 19956
4; 4; 1; 9933; 7499
4; 2; 1; 14689; 13884
4; 3; 1; 14689; 12116
2; 3; 1; 7854; 6086
6; 3; 1; 7854; 6086
5; 2; 2; 5112; 4911
6; 3; 2; 10139; 13159
5; 2; 1; 15505; 11077
5; 2; 1; 8004; 5037
5; 1; 1; 2349420; 2349420
